Time [s],Channel 0,Channel 1,Channel 2,Channel 3,Channel 4,Channel 5
0.000000000,0,0,1,0,0,0
0.000178542,0,0,1,1,1,1
0.000207583,0,0,1,0,0,0
0.000376833,0,0,1,1,1,1
0.000405875,0,0,1,0,0,0
0.000575125,0,0,1,1,1,1
0.000604167,0,0,1,0,0,0
0.000773375,0,0,1,1,1,1
0.000802417,0,0,1,0,0,0
0.000971667,0,0,1,1,1,1
0.001000708,0,0,1,0,0,0
0.001169958,0,0,1,1,1,1
0.001199000,0,0,1,0,0,0
0.001368208,0,0,1,1,1,1
0.001397250,0,0,1,0,0,0
0.001566542,0,0,1,1,1,1
0.001595583,0,0,1,0,0,0
0.001764833,0,0,1,1,1,1
0.001793875,0,0,1,0,0,0
0.001963125,0,0,1,1,1,1
0.001992167,0,0,1,0,0,0
0.002161458,0,0,1,1,1,1
0.002190500,0,0,1,0,0,0
0.002359708,0,0,1,1,1,1
0.002388792,0,0,1,0,0,0
0.002558083,0,0,1,1,1,1
0.002587125,0,0,1,0,0,0
0.002756375,0,0,1,1,1,1
0.002785458,0,0,1,0,0,0
0.002954708,0,0,1,1,1,1
0.002983750,0,0,1,0,0,0
0.003153000,0,0,1,1,1,1
0.003182042,0,0,1,0,0,0
0.003351292,0,0,1,1,1,1
0.003380333,0,0,1,0,0,0
0.003549583,0,0,1,1,1,1
0.003578625,0,0,1,0,0,0
0.003747875,0,0,1,1,1,1
0.003776917,0,0,1,0,0,0
0.003946167,0,0,1,1,1,1
0.003975208,0,0,1,0,0,0
0.004144458,0,0,1,1,1,1
0.004173500,0,0,1,0,0,0
0.004342750,0,0,1,1,1,1
0.004371833,0,0,1,0,0,0
0.004541083,0,0,1,1,1,1
0.004570125,0,0,1,1,0,0
0.004570167,0,0,1,0,0,0
0.004739417,0,0,1,1,1,1
0.004768458,0,0,1,0,0,0
0.004937750,0,0,1,1,1,1
0.004966792,0,0,1,0,0,0
0.005136042,0,0,1,1,1,1
0.005165083,0,0,1,0,0,0
0.005334333,0,0,1,1,1,1
0.005363417,0,0,1,0,0,0
0.005532667,0,0,1,1,1,1
0.005561708,0,0,1,0,0,0
0.005731000,0,0,1,1,1,1
0.005760042,0,0,1,0,0,0
0.005929292,0,0,1,1,1,1
0.005958333,0,0,1,0,0,0
0.006127625,0,0,1,1,1,1
0.006156667,0,0,1,0,0,0
0.006325917,0,0,1,1,1,1
0.006354958,0,0,1,0,0,0
0.006524208,0,0,1,1,1,1
0.006553250,0,0,1,0,0,0
0.006722500,0,0,1,1,1,1
0.006751542,0,0,1,0,0,0
0.006920833,0,0,1,1,1,1
0.006949875,0,0,1,0,0,0
0.007119125,0,0,1,1,1,1
0.007148167,0,0,1,0,0,0
0.007317417,0,0,1,1,1,1
0.007346458,0,0,1,0,0,0
0.007515667,0,0,1,1,1,1
0.007544708,0,0,1,0,0,0
0.007713958,0,0,1,1,1,1
0.007743000,0,0,1,0,0,0
0.007912250,0,0,1,1,1,1
0.007941292,0,0,1,0,0,0
0.008110542,0,0,1,1,1,1
0.008139583,0,0,1,0,0,0
0.008308875,0,0,1,1,1,1
0.008337917,0,0,1,0,0,0
0.008507167,0,0,1,1,1,1
0.008536208,0,0,1,0,0,0
0.008705458,0,0,1,1,1,1
0.008734500,0,0,1,0,0,0
0.008903792,0,0,1,0,1,0
0.008903833,0,0,1,1,1,1
0.008932875,0,0,1,0,0,0
0.009102167,0,0,1,1,1,1
0.009131208,0,0,1,0,0,0
0.009300500,0,0,1,1,1,1
0.009329542,0,0,1,0,0,0
0.009498833,0,0,1,1,1,1
0.009527875,0,0,1,0,0,0
0.009697167,0,0,1,1,1,1
0.009726208,0,0,1,0,0,0
0.009895500,0,0,1,1,1,1
0.009924542,0,0,1,0,0,0
0.010093792,0,0,1,1,1,1
0.010122833,0,0,1,0,0,0
0.010292167,0,0,1,1,1,1
0.010321208,0,0,1,0,0,0
0.010490500,0,0,1,1,1,1
0.010519542,0,0,1,0,0,0
0.010688833,0,0,1,1,1,1
0.010717875,0,0,1,0,0,0
0.010887167,0,0,1,1,1,1
0.010916250,0,0,1,0,0,0
0.011085542,0,0,1,1,1,1
0.011114625,0,0,1,0,0,0
0.011283917,0,0,1,1,1,1
0.011312958,0,0,1,0,0,0
0.011482250,0,0,1,0,1,1
0.011482292,0,0,1,1,1,1
0.011511333,0,0,1,0,0,0
0.011680583,0,0,1,1,1,1
0.011709625,0,0,1,0,0,0
0.011878875,0,0,1,1,1,1
0.011907917,0,0,1,0,0,0
0.012077167,0,0,1,1,1,1
0.012106208,0,0,1,0,0,0
0.012275500,0,0,1,1,1,1
0.012304542,0,0,1,0,0,0
0.012473833,0,0,1,1,1,1
0.012502875,0,0,1,0,0,0
0.012672083,0,0,1,1,1,1
0.012701167,0,0,1,0,0,0
0.012870417,0,0,1,1,1,1
0.012899500,0,0,1,0,0,0
0.013068750,0,0,1,1,1,1
0.013097792,0,0,1,0,0,0
0.013267083,0,0,1,1,1,1
0.013296125,0,0,1,0,0,0
0.013465375,0,0,1,1,1,1
0.013494417,0,0,1,0,0,0
0.013663708,0,0,1,1,1,1
0.013692750,0,0,1,0,0,0
0.013861958,0,0,1,0,1,1
0.013862000,0,0,1,1,1,1
0.013891000,0,0,1,1,0,0
0.013891042,0,0,1,0,0,0
0.014060250,0,0,1,1,1,1
0.014089292,0,0,1,0,0,0
0.014258583,0,0,1,1,1,1
0.014287625,0,0,1,0,0,0
0.014456875,0,0,1,1,1,1
0.014485917,0,0,1,0,0,0
0.014655167,0,0,1,1,1,1
0.014684208,0,0,1,0,0,0
0.014853458,0,0,1,1,1,1
0.014882500,0,0,1,0,0,0
0.015051792,0,0,1,1,1,1
0.015080833,0,0,1,0,0,0
0.015250083,0,0,1,1,1,1
0.015279125,0,0,1,0,0,0
0.015448375,0,0,1,1,1,1
0.015477417,0,0,1,0,0,0
0.015646667,0,0,1,1,1,1
0.015675708,0,0,1,0,0,0
0.015845000,0,0,1,1,1,1
0.015874042,0,0,1,0,0,0
0.016043333,0,0,1,1,1,1
0.016072375,0,0,1,0,0,0
0.016241625,0,0,1,1,1,1
0.016270667,0,0,1,0,0,0
0.016439917,0,0,1,1,1,1
0.016468958,0,0,1,0,0,0
0.016638250,0,0,1,1,1,1
0.016667333,0,0,1,0,0,0
0.016836625,0,0,1,1,1,1
0.016865667,0,0,1,0,0,0
0.017035000,0,0,1,1,1,1
0.017064042,0,0,1,0,0,0
0.017233375,0,0,1,1,1,1
0.017262417,0,0,1,0,0,0
0.017431708,0,0,1,1,1,1
0.017460750,0,0,1,0,0,0
0.017630000,0,0,1,1,1,1
0.017659042,0,0,1,0,0,0
0.017828250,0,0,1,1,1,1
0.017857292,0,0,1,1,0,1
0.017857333,0,0,1,0,0,0
0.018026542,0,0,1,1,1,1
0.018055583,0,0,1,0,0,0
0.018224833,0,0,1,1,1,1
0.018253875,0,0,1,0,0,0
0.018423125,0,0,1,1,1,1
0.018452208,0,0,1,0,0,0
0.018621458,0,0,1,1,1,1
0.018650500,0,0,1,0,0,0
0.018819792,0,0,1,1,1,1
0.018848833,0,0,1,1,0,0
0.018848875,0,0,1,0,0,0
0.019018125,0,0,1,1,1,1
0.019047167,0,0,1,0,0,0
0.019216417,0,0,1,1,1,1
0.019245500,0,0,1,0,0,0
0.019414750,0,0,1,1,1,1
0.019443792,0,0,1,0,0,0
0.019613000,0,0,1,1,1,1
0.019642042,0,0,1,0,0,0
0.019811292,0,0,1,1,1,1
0.019840333,0,0,1,0,0,0
0.020009583,0,0,1,1,1,1
0.020038625,0,0,1,0,0,0
0.020207875,0,0,1,1,1,1
0.020236917,0,0,1,0,0,0
0.020406208,0,0,1,1,1,1
0.020435250,0,0,1,0,0,0
0.020604500,0,0,1,1,1,1
0.020633542,0,0,1,0,0,0
0.020802792,0,0,1,1,1,1
0.020831833,0,0,1,0,0,0
0.021001083,0,0,1,1,1,1
0.021030125,0,0,1,0,0,0
0.021199375,0,0,1,1,1,1
0.021228417,0,0,1,0,0,0
0.021397667,0,0,1,1,1,1
0.021426750,0,0,1,0,0,0
0.021596000,0,0,1,1,1,1
0.021625042,0,0,1,0,0,0
0.021794292,0,0,1,1,1,1
0.021823375,0,0,1,0,0,0
0.021992625,0,0,1,1,1,1
0.022021667,0,0,1,0,0,0
0.022190917,0,0,1,1,1,1
0.022219958,0,0,1,0,0,0
0.022389250,0,0,1,1,1,1
0.022418292,0,0,1,0,0,0
0.022587583,0,0,1,1,1,1
0.022616625,0,0,1,0,0,0
0.022785917,0,0,1,1,1,1
0.022814958,0,0,1,0,0,0
0.022984250,0,0,1,1,1,1
0.023013292,0,0,1,1,0,0
0.023013333,0,0,1,0,0,0
0.023182583,0,0,1,1,1,1
0.023211625,0,0,1,0,0,0
0.023380875,0,0,1,1,1,1
0.023409958,0,0,1,0,0,0
0.023579208,0,0,1,1,1,1
0.023608292,0,0,1,0,0,0
0.023777542,0,0,1,1,1,1
0.023806583,0,0,1,0,0,0
0.023975875,0,0,1,1,1,1
0.024004917,0,0,1,0,0,0
0.024174167,0,0,1,1,1,1
0.024203208,0,0,1,0,0,0
0.024372500,0,0,1,1,1,1
0.024401542,0,0,1,0,0,0
0.024570792,0,0,1,1,1,1
0.024599875,0,0,1,0,0,0
0.024769125,0,0,1,1,1,1
0.024798167,0,0,1,0,0,0
0.024967417,0,0,1,1,1,1
0.024996458,0,0,1,0,0,0
0.025165667,0,0,1,1,1,1
0.025194708,0,0,1,0,0,0
0.025363958,0,0,1,1,1,1
0.025393000,0,0,1,0,0,0
0.025562250,0,0,1,1,1,1
0.025591292,0,0,1,0,0,0
0.025760542,0,0,1,1,1,1
0.025789583,0,0,1,0,0,0
0.025958875,0,0,1,1,1,1
0.025987917,0,0,1,0,0,0
0.026157125,0,0,1,1,1,1
0.026186167,0,0,1,0,0,0
0.026355417,0,0,1,1,1,1
0.026384458,0,0,1,0,0,0
0.026553708,0,0,1,1,1,1
0.026582750,0,0,1,0,0,0
0.026752042,0,0,1,1,1,1
0.026781083,0,0,1,0,0,0
0.026950333,0,0,1,1,1,1
0.026979375,0,0,1,0,0,0
0.027148625,0,0,1,1,1,1
0.027177667,0,0,1,0,0,0
0.027346917,0,0,1,1,1,1
0.027375958,0,0,1,0,0,0
0.027545208,0,0,1,1,1,1
0.027574250,0,0,1,0,0,0
0.027743500,0,0,1,1,1,1
0.027772542,0,0,1,0,0,0
0.027941750,0,0,1,1,1,1
0.027970792,0,0,1,1,0,0
0.027970833,0,0,1,0,0,0
0.028140042,0,0,1,1,1,1
0.028169125,0,0,1,0,0,0
0.028338333,0,0,1,1,1,1
0.028367375,0,0,1,0,0,0
0.028536625,0,0,1,1,1,1
0.028565667,0,0,1,0,0,0
0.028734958,0,0,1,1,1,1
0.028764042,0,0,1,0,0,0
0.028933333,0,0,1,1,1,1
0.028962375,0,0,1,0,0,0
0.029131625,0,0,1,1,1,1
0.029160667,0,0,1,0,0,0
0.029329917,0,0,1,1,1,1
0.029358958,0,0,1,0,0,0
0.029528167,0,0,1,1,1,1
0.029557208,0,0,1,0,0,0
0.029726500,0,0,1,1,1,1
0.029755542,0,0,1,0,0,0
0.029924833,0,0,1,1,1,1
0.029953917,0,0,1,0,0,0
0.030123208,0,0,1,1,1,1
0.030152250,0,0,1,0,0,0
0.030321542,0,0,1,1,1,1
0.030350583,0,0,1,0,0,0
0.030519875,0,0,1,0,1,1
0.030519917,0,0,1,1,1,1
0.030548958,0,0,1,0,0,0
0.030718250,0,0,1,1,1,1
0.030747292,0,0,1,0,0,0
0.030916625,0,0,1,1,1,1
0.030945667,0,0,1,0,0,0
0.031115000,0,0,1,1,1,1
0.031144042,0,0,1,1,0,0
0.031144083,0,0,1,0,0,0
0.031313292,0,0,1,1,1,1
0.031342333,0,0,1,1,0,0
0.031342375,0,0,1,0,0,0
0.031511583,0,0,1,1,1,1
0.031540625,0,0,1,0,0,0
0.031709917,0,0,1,1,1,1
0.031738958,0,0,1,0,0,0
0.031908250,0,0,1,1,1,1
0.031937333,0,0,1,0,0,0
0.032106667,0,0,1,1,1,1
0.032135708,0,0,1,0,0,0
0.032305042,0,0,1,1,1,1
0.032334083,0,0,1,0,0,0
0.032503417,0,0,1,1,1,1
0.032532458,0,0,1,0,0,0
0.032701750,0,0,1,1,1,1
0.032730792,0,0,1,0,0,0
0.032900125,0,0,1,1,1,1
0.032929167,0,0,1,0,0,0
0.033098458,0,0,1,1,1,1
0.033127500,0,0,1,0,0,0
0.033296792,0,0,1,1,1,1
0.033325833,0,0,1,0,0,0
0.033495125,0,0,1,1,1,1
0.033524167,0,0,1,0,0,0
0.033693417,0,0,1,1,1,1
0.033722458,0,0,1,0,0,0
0.033891750,0,0,1,1,1,1
0.033920792,0,0,1,0,0,0
0.034090083,0,0,1,1,1,1
0.034119167,0,0,1,0,0,0
0.034288417,0,0,1,1,1,1
0.034317458,0,0,1,0,0,0
0.034486708,0,0,1,1,1,1
0.034515750,0,0,1,0,0,0
0.034685042,0,0,1,1,1,1
0.034714083,0,0,1,0,0,0
0.034883417,0,0,1,1,1,1
0.034912458,0,0,1,0,0,0
0.035081750,0,0,1,1,1,1
0.035110792,0,0,1,0,0,0
0.035280125,0,0,1,1,1,1
0.035309167,0,0,1,0,0,0
0.035478500,0,0,1,1,1,1
0.035507583,0,0,1,0,0,0
0.035676875,0,0,1,1,1,1
0.035705917,0,0,1,0,0,0
0.035875208,0,0,1,1,1,1
0.035904250,0,0,1,0,0,0
0.036073583,0,0,1,1,1,1
0.036102625,0,0,1,0,0,0
0.036271917,0,0,1,1,1,1
0.036301000,0,0,1,0,0,0
0.036470333,0,0,1,1,1,1
0.036499375,0,0,1,0,0,0
0.036668667,0,0,1,1,1,1
0.036697708,0,0,1,0,0,0
0.036867000,0,0,1,1,1,1
0.036896083,0,0,1,0,0,0
0.037065375,0,0,1,1,1,1
0.037094417,0,0,1,0,0,0
0.037263708,0,0,1,1,1,1
0.037292792,0,0,1,0,0,0
0.037462083,0,0,1,1,1,1
0.037491167,0,0,1,0,0,0
0.037660417,0,0,1,1,1,1
0.037689500,0,0,1,0,0,0
0.037858792,0,0,1,1,1,1
0.037887875,0,0,1,0,0,0
0.038057208,0,0,1,1,1,1
0.038086292,0,0,1,0,0,0
0.038255583,0,0,1,1,1,1
0.038284667,0,0,1,0,0,0
0.038453958,0,0,1,1,1,1
0.038483042,0,0,1,0,0,0
0.038652333,0,0,1,1,1,1
0.038681375,0,0,1,1,0,0
0.038681417,0,0,1,0,0,0
0.038850667,0,0,1,1,1,1
0.038879708,0,0,1,0,0,0
0.039048958,0,0,1,1,1,1
0.039078000,0,0,1,0,0,0
0.039247250,0,0,1,1,1,1
0.039276292,0,0,1,0,0,0
0.039445542,0,0,1,1,1,1
0.039474583,0,0,1,0,0,0
0.039643833,0,0,1,1,1,1
0.039672917,0,0,1,0,0,0
0.039842167,0,0,1,1,1,1
0.039871208,0,0,1,0,0,0
0.040040500,0,0,1,1,1,1
0.040069542,0,0,1,0,0,0
0.040238792,0,0,1,1,1,1
0.040267833,0,0,1,0,0,0
0.040437125,0,0,1,1,1,1
0.040466167,0,0,1,0,0,0
0.040635458,0,0,1,1,1,1
0.040664500,0,0,1,0,0,0
0.040833792,0,0,1,1,1,1
0.040862833,0,0,1,0,0,0
0.041032125,0,0,1,1,1,1
0.041061167,0,0,1,0,0,0
0.041230500,0,0,1,1,1,1
0.041259542,0,0,1,0,0,0
0.041428875,0,0,1,1,1,1
0.041457917,0,0,1,0,0,0
0.041627250,0,0,1,1,1,1
0.041656292,0,0,1,0,0,0
0.041825583,0,0,1,1,1,1
0.041854625,0,0,1,0,0,0
0.042023917,0,0,1,1,1,1
0.042052958,0,0,1,0,0,0
0.042222250,0,0,1,1,1,1
0.042251292,0,0,1,0,0,0
0.042420583,0,0,1,1,1,1
0.042449625,0,0,1,0,0,0
0.042618917,0,0,1,1,1,1
0.042647958,0,0,1,0,0,0
0.042817250,0,0,1,1,1,1
0.042846292,0,0,1,0,0,0
0.043015542,0,0,1,1,1,1
0.043044583,0,0,1,0,0,0
0.043213875,0,0,1,1,1,1
0.043242917,0,0,1,0,0,0
0.043412250,0,0,1,1,1,1
0.043441292,0,0,1,0,0,0
0.043610625,0,0,1,1,1,1
0.043639667,0,0,1,0,0,0
0.043808917,0,0,1,1,1,1
0.043837958,0,0,1,0,0,0
0.044007208,0,0,1,1,1,1
0.044036250,0,0,1,0,0,0
0.044205500,0,0,1,1,1,1
0.044234542,0,0,1,0,0,0
0.044403833,0,0,1,1,1,1
0.044432875,0,0,1,0,0,0
0.044602167,0,0,1,1,1,1
0.044631208,0,0,1,0,0,0
0.044800500,0,0,1,1,1,1
0.044829542,0,0,1,0,0,0
0.044998833,0,0,1,1,1,1
0.045027875,0,0,1,0,0,0
0.045197125,0,0,1,1,1,1
0.045226167,0,0,1,0,0,0
0.045395458,0,0,1,1,1,1
0.045424500,0,0,1,0,0,0
0.045593792,0,0,1,1,1,1
0.045622833,0,0,1,0,0,0
0.045792125,0,0,1,1,1,1
0.045821167,0,0,1,0,0,0
0.045990458,0,0,1,1,1,1
0.046019500,0,0,1,0,0,0
0.046188792,0,0,1,1,1,1
0.046217833,0,0,1,0,0,0
0.046387083,0,0,1,1,1,1
0.046416125,0,0,1,0,0,0
0.046585375,0,0,1,1,1,1
0.046614417,0,0,1,0,0,0
0.046783625,0,0,1,0,1,0
0.046783667,0,0,1,1,1,1
0.046812708,0,0,1,0,0,0
0.046981917,0,0,1,1,1,1
0.047010958,0,0,1,0,0,0
0.047180208,0,0,1,1,1,1
0.047209292,0,0,1,0,0,0
0.047378500,0,0,1,1,1,1
0.047407542,0,0,1,0,0,0
0.047576750,0,0,1,1,1,1
0.047605792,0,0,1,0,0,0
0.047775042,0,0,1,1,1,1
0.047804083,0,0,1,0,0,0
0.047973375,0,0,1,1,1,1
0.048002417,0,0,1,0,0,0
0.048171708,0,0,1,1,1,1
0.048200750,0,0,1,0,0,0
0.048370000,0,0,1,1,1,1
0.048399042,0,0,1,0,0,0
0.048568333,0,0,1,1,1,1
0.048597375,0,0,1,0,0,0
0.048766625,0,0,1,1,1,1
0.048795667,0,0,1,0,0,0
0.048964917,0,0,1,1,1,1
0.048994000,0,0,1,0,0,0
0.049163250,0,0,1,1,1,1
0.049192292,0,0,1,0,0,0
0.049361542,0,0,1,1,1,1
0.049390583,0,0,1,0,0,0
0.049559875,0,0,1,1,1,1
0.049588917,0,0,1,0,0,0
0.049758208,0,0,1,1,1,1
0.049787250,0,0,1,0,0,0
0.049956542,0,0,1,1,1,1
0.049985625,0,0,1,0,0,0
0.050154875,0,0,1,1,1,1
0.050183958,0,0,1,0,0,0
0.050353208,0,0,1,1,1,1
0.050382292,0,0,1,0,0,0
0.050551583,0,0,1,1,1,1
0.050580625,0,0,1,0,0,0
0.050749917,0,0,1,1,1,1
0.050779000,0,0,1,0,0,0
0.050948292,0,0,1,1,1,1
0.050977375,0,0,1,0,0,0
0.051146667,0,0,1,1,1,1
0.051175708,0,0,1,0,0,0
0.051345000,0,0,1,1,1,1
0.051374083,0,0,1,0,0,0
0.051543333,0,0,1,1,1,1
0.051572375,0,0,1,0,0,0
0.051741667,0,0,1,1,1,1
0.051770708,0,0,1,0,0,0
0.051940000,0,0,1,1,1,1
0.051969042,0,0,1,0,0,0
0.052138292,0,0,1,1,1,1
0.052167333,0,0,1,0,0,0
0.052336625,0,0,1,1,1,1
0.052365667,0,0,1,0,0,0
0.052534917,0,0,1,1,1,1
0.052563958,0,0,1,0,0,0
0.052733250,0,0,1,1,1,1
0.052762292,0,0,1,0,0,0
0.052931542,0,0,1,1,1,1
0.052960583,0,0,1,0,0,0
0.053129833,0,0,1,1,1,1
0.053158875,0,0,1,0,0,0
0.053328125,0,0,1,1,1,1
0.053357167,0,0,1,0,0,0
0.053526417,0,0,1,1,1,1
0.053555458,0,0,1,0,0,0
0.053724750,0,0,1,1,1,1
0.053753792,0,0,1,0,0,0
0.053923042,0,0,1,1,1,1
0.053952083,0,0,1,0,0,0
0.054121375,0,0,1,1,1,1
0.054150417,0,0,1,0,0,0
0.054319667,0,0,1,1,1,1
0.054348708,0,0,1,0,0,0
0.054518000,0,0,1,1,1,1
0.054547042,0,0,1,0,0,0
0.054716333,0,0,1,1,1,1
0.054745375,0,0,1,0,0,0
0.054914625,0,0,1,1,1,1
0.054943667,0,0,1,0,0,0
0.055112917,0,0,1,1,1,1
0.055141958,0,0,1,0,0,0
0.055311208,0,0,1,1,1,1
0.055340292,0,0,1,0,0,0
0.055509542,0,0,1,1,1,1
0.055538583,0,0,1,0,0,0
0.055707833,0,0,1,1,1,1
0.055736875,0,0,1,0,0,0
0.055906125,0,0,1,0,1,0
0.055906167,0,0,1,1,1,1
0.055935208,0,0,1,0,0,0
0.056104458,0,0,1,1,1,1
0.056133500,0,0,1,0,0,0
0.056302792,0,0,1,1,1,1
0.056331833,0,0,1,0,0,0
0.056501083,0,0,1,1,1,1
0.056530125,0,0,1,0,0,0
0.056699375,0,0,1,1,1,1
0.056728417,0,0,1,0,0,0
0.056897708,0,0,1,1,1,1
0.056926750,0,0,1,0,0,0
0.057096042,0,0,1,1,1,1
0.057125083,0,0,1,0,0,0
0.057294333,0,0,1,1,1,1
0.057323375,0,0,1,0,0,0
0.057492583,0,0,1,1,1,1
0.057521583,0,0,1,0,0,0
0.057690833,0,0,1,1,1,1
0.057719875,0,0,1,0,0,0
0.057889167,0,0,1,1,1,1
0.057918208,0,0,1,0,0,0
0.058087458,0,0,1,1,1,1
0.058116500,0,0,1,0,0,0
0.058285792,0,0,1,1,1,1
0.058314833,0,0,1,0,0,0
0.058484083,0,0,1,1,1,1
0.058513125,0,0,1,0,0,0
0.058682375,0,0,1,1,1,1
0.058711417,0,0,1,0,0,0
0.058880625,0,0,1,1,1,1
0.058909667,0,0,1,0,0,0
0.059078917,0,0,1,1,1,1
0.059107917,0,0,1,0,0,0
0.059277167,0,0,1,1,1,1
0.059306208,0,0,1,0,0,0
0.059475417,0,0,1,1,1,1
0.059504458,0,0,1,0,0,0
0.059673708,0,0,1,1,1,1
0.059702750,0,0,1,0,0,0
0.059872042,0,0,1,1,1,1
0.059901083,0,0,1,0,0,0
0.060070333,0,0,1,1,1,1
0.060099375,0,0,1,0,0,0
0.060268625,0,0,1,1,1,1
0.060297667,0,0,1,0,0,0
0.060466917,0,0,1,1,1,1
0.060495958,0,0,1,0,0,0
0.060665208,0,0,1,1,1,1
0.060694250,0,0,1,0,0,0
0.060863458,0,0,1,1,1,1
0.060892500,0,0,1,0,0,0
0.061061708,0,0,1,1,1,1
0.061090750,0,0,1,0,0,0
0.061260000,0,0,1,1,1,1
0.061289042,0,0,1,0,0,0
0.061458292,0,0,1,1,1,1
0.061487333,0,0,1,0,0,0
0.061656583,0,0,1,1,1,1
0.061685667,0,0,1,0,0,0
0.061854875,0,0,1,1,1,1
0.061883917,0,0,1,0,0,0
0.062053167,0,0,1,1,1,1
0.062082208,0,0,1,1,0,1
0.062082250,0,0,1,0,0,0
0.062251458,0,0,1,1,1,1
0.062280500,0,0,1,0,0,0
0.062449750,0,0,1,1,1,1
0.062478792,0,0,1,0,0,0
0.062648042,0,0,1,1,1,1
0.062677083,0,0,1,0,0,0
0.062846333,0,0,1,1,1,1
0.062875375,0,0,1,0,0,0
0.063044583,0,0,1,1,1,1
0.063073625,0,0,1,0,0,0
0.063242875,0,0,1,1,1,1
0.063271917,0,0,1,0,0,0
0.063441125,0,0,1,1,1,1
0.063470167,0,0,1,0,0,0
0.063639417,0,0,1,1,1,1
0.063668458,0,0,1,0,0,0
0.063837667,0,0,1,1,1,1
0.063866708,0,0,1,0,0,0
0.064035917,0,0,1,1,1,1
0.064064958,0,0,1,0,0,0
0.064234250,0,0,1,1,1,1
0.064263292,0,0,1,0,0,0
0.064432500,0,0,1,1,1,1
0.064461542,0,0,1,0,0,0
0.064630792,0,0,1,1,1,1
0.064659833,0,0,1,0,0,0
0.064829042,0,0,1,1,1,1
0.064858083,0,0,1,0,0,0
0.065027333,0,0,1,1,1,1
0.065056375,0,0,1,0,0,0
0.065225583,0,0,1,1,1,1
0.065254667,0,0,1,0,0,0
0.065423917,0,0,1,1,1,1
0.065452958,0,0,1,0,0,0
0.065622208,0,0,1,1,1,1
0.065651250,0,0,1,0,0,0
0.065820500,0,0,1,1,1,1
0.065849542,0,0,1,0,0,0
0.066018750,0,0,1,1,1,1
0.066047792,0,0,1,0,0,0
0.066217042,0,0,1,1,1,1
0.066246083,0,0,1,0,0,0
0.066415417,0,0,1,1,1,1
0.066444458,0,0,1,0,0,0
0.066613750,0,0,1,1,1,1
0.066642833,0,0,1,0,0,0
0.066812125,0,0,1,1,1,1
0.066841167,0,0,1,0,0,0
0.067010458,0,0,1,1,1,1
0.067039500,0,0,1,0,0,0
0.067208792,0,0,1,1,1,1
0.067237833,0,0,1,0,0,0
0.067407083,0,0,1,1,1,1
0.067436167,0,0,1,0,0,0
0.067605417,0,0,1,1,1,1
0.067634458,0,0,1,1,0,0
0.067634500,0,0,1,0,0,0
0.067803750,0,0,1,1,1,1
0.067832792,0,0,1,0,0,0
0.068002083,0,0,1,1,1,1
0.068031125,0,0,1,0,0,0
0.068200375,0,0,1,1,1,1
0.068229417,0,0,1,1,0,0
0.068229458,0,0,1,0,0,0
0.068398708,0,0,1,1,1,1
0.068427792,0,0,1,0,0,0
0.068597083,0,0,1,1,1,1
0.068626125,0,0,1,0,0,0
0.068795417,0,0,1,1,1,1
0.068824458,0,0,1,0,0,0
0.068993750,0,0,1,1,1,1
0.069022792,0,0,1,0,0,0
0.069192042,0,0,1,1,1,1
0.069221125,0,0,1,0,0,0
0.069390417,0,0,1,1,1,1
0.069419458,0,0,1,0,0,0
0.069588750,0,0,1,1,1,1
0.069617833,0,0,1,0,0,0
0.069787042,0,0,1,1,1,1
0.069816083,0,0,1,0,0,0
0.069985375,0,0,1,1,1,1
0.070014417,0,0,1,0,0,0
0.070183750,0,0,1,1,1,1
0.070212792,0,0,1,0,0,0
0.070382125,0,0,1,1,1,1
0.070411167,0,0,1,0,0,0
0.070580458,0,0,1,1,1,1
0.070609542,0,0,1,0,0,0
0.070778833,0,0,1,1,1,1
0.070807875,0,0,1,0,0,0
0.070977208,0,0,1,1,1,1
0.071006250,0,0,1,0,0,0
0.071175542,0,0,1,1,1,1
0.071204583,0,0,1,0,0,0
0.071373917,0,0,1,1,1,1
0.071402958,0,0,1,0,0,0
0.071572250,0,0,1,1,1,1
0.071601292,0,0,1,0,0,0
0.071770583,0,0,1,1,1,1
0.071799667,0,0,1,0,0,0
0.071968917,0,0,1,1,1,1
0.071998000,0,0,1,0,0,0
0.072167250,0,0,1,1,1,1
0.072196333,0,0,1,0,0,0
0.072365625,0,0,1,1,1,1
0.072394667,0,0,1,0,0,0
0.072563958,0,0,1,1,1,1
0.072593000,0,0,1,0,0,0
0.072762333,0,0,1,1,1,1
0.072791375,0,0,1,0,0,0
0.072960625,0,0,1,1,1,1
0.072989667,0,0,1,0,0,0
0.073158958,0,0,1,1,1,1
0.073187958,0,0,1,1,0,0
0.073188000,0,0,1,0,0,0
0.073357250,0,0,1,1,1,1
0.073386292,0,0,1,0,0,0
0.073555542,0,0,1,1,1,1
0.073584583,0,0,1,0,0,0
0.073753875,0,0,1,1,1,1
0.073782917,0,0,1,0,0,0
0.073952208,0,0,1,1,1,1
0.073981292,0,0,1,0,0,0
0.074150542,0,0,1,1,1,1
0.074179583,0,0,1,0,0,0
0.074348875,0,0,1,1,1,1
0.074377917,0,0,1,0,0,0
0.074547208,0,0,1,1,1,1
0.074576250,0,0,1,0,0,0
0.074745542,0,0,1,1,1,1
0.074774583,0,0,1,0,0,0
0.074943875,0,0,1,0,1,0
0.074943917,0,0,1,1,1,1
0.074972958,0,0,1,0,0,0
0.075142250,0,0,1,1,1,1
0.075171292,0,0,1,0,0,0
0.075340583,0,0,1,1,1,1
0.075369625,0,0,1,0,0,0
0.075538875,0,0,1,1,1,1
0.075567958,0,0,1,0,0,0
0.075737208,0,0,1,1,1,1
0.075766250,0,0,1,0,0,0
0.075935542,0,0,1,1,1,1
0.075964583,0,0,1,0,0,0
0.076133875,0,0,1,1,1,1
0.076162917,0,0,1,0,0,0
0.076332208,0,0,1,1,1,1
0.076361292,0,0,1,0,0,0
0.076530542,0,0,1,1,1,1
0.076559625,0,0,1,0,0,0
0.076728917,0,0,1,1,1,1
0.076757958,0,0,1,0,0,0
0.076927250,0,0,1,1,1,1
0.076956292,0,0,1,0,0,0
0.077125583,0,0,1,1,1,1
0.077154667,0,0,1,0,0,0
0.077324000,0,0,1,1,1,1
0.077353042,0,0,1,0,0,0
0.077522375,0,0,1,1,1,1
0.077551417,0,0,1,0,0,0
0.077720708,0,0,1,1,1,1
0.077749792,0,0,1,0,0,0
0.077919083,0,0,1,1,1,1
0.077948125,0,0,1,0,0,0
0.078117458,0,0,1,1,1,1
0.078146500,0,0,1,0,0,0
0.078315833,0,0,1,1,1,1
0.078344875,0,0,1,0,0,0
0.078514167,0,0,1,1,1,1
0.078543208,0,0,1,0,0,0
0.078712500,0,0,1,1,1,1
0.078741542,0,0,1,0,0,0
0.078910875,0,0,1,1,1,1
0.078939958,0,0,1,0,0,0
0.079109250,0,0,1,1,1,1
0.079138292,0,0,1,0,0,0
0.079307583,0,0,1,1,1,1
0.079336625,0,0,1,0,0,0
0.079505917,0,0,1,1,1,1
0.079535000,0,0,1,0,0,0
0.079704333,0,0,1,1,1,1
0.079733375,0,0,1,0,0,0
0.079902708,0,0,1,1,1,1
0.079931750,0,0,1,0,0,0
0.080100958,0,0,1,1,1,1
0.080130000,0,0,1,0,0,0
0.080299250,0,0,1,1,1,1
0.080328292,0,0,1,0,0,0
0.080497500,0,0,1,1,1,1
0.080526542,0,0,1,0,0,0
0.080695792,0,0,1,1,1,1
0.080724833,0,0,1,0,0,0
0.080894083,0,0,1,0,1,1
0.080894125,0,0,1,1,1,1
0.080923167,0,0,1,0,0,0
0.081092375,0,0,1,1,1,1
0.081121417,0,0,1,0,0,0
0.081290667,0,0,1,1,1,1
0.081319708,0,0,1,0,0,0
0.081489000,0,0,1,1,1,1
0.081518042,0,0,1,0,0,0
0.081687333,0,0,1,1,1,1
0.081716375,0,0,1,0,0,0
0.081885667,0,0,1,1,1,1
0.081914750,0,0,1,0,0,0
0.082084042,0,0,1,1,1,1
0.082113125,0,0,1,0,0,0
0.082282417,0,0,1,1,1,1
0.082311458,0,0,1,0,0,0
0.082480792,0,0,1,1,1,1
0.082509833,0,0,1,0,0,0
0.082679125,0,0,1,1,1,1
0.082708167,0,0,1,0,0,0
0.082877500,0,0,1,1,1,1
0.082906583,0,0,1,0,0,0
0.083075917,0,0,1,1,1,1
0.083104958,0,0,1,0,0,0
0.083274292,0,0,1,1,1,1
0.083303333,0,0,1,0,0,0
0.083472667,0,0,1,1,1,1
0.083501708,0,0,1,0,0,0
0.083671042,0,0,1,1,1,1
0.083700083,0,0,1,0,0,0
0.083869417,0,0,1,1,1,1
0.083898500,0,0,1,0,0,0
0.084067792,0,0,1,1,1,1
0.084096875,0,0,1,0,0,0
0.084266208,0,0,1,1,1,1
0.084295250,0,0,1,0,0,0
0.084464583,0,0,1,1,1,1
0.084493667,0,0,1,0,0,0
0.084662958,0,0,1,1,1,1
0.084692000,0,0,1,0,0,0
0.084861292,0,0,1,1,1,1
0.084890333,0,0,1,0,0,0
0.085059667,0,0,1,1,1,1
0.085088708,0,0,1,0,0,0
0.085258000,0,0,1,1,1,1
0.085287042,0,0,1,1,0,1
0.085287083,0,0,1,0,0,0
0.085456333,0,0,1,1,1,1
0.085485417,0,0,1,0,0,0
0.085654708,0,0,1,1,1,1
0.085683750,0,0,1,1,0,0
0.085683792,0,0,1,0,0,0
0.085853083,0,0,1,1,1,1
0.085882167,0,0,1,0,0,0
0.086051500,0,0,1,1,1,1
0.086080542,0,0,1,0,0,0
0.086249875,0,0,1,1,1,1
0.086278958,0,0,1,0,0,0
0.086448250,0,0,1,0,1,1
0.086448292,0,0,1,1,1,1
0.086477333,0,0,1,0,0,0
0.086646667,0,0,1,1,1,1
0.086675708,0,0,1,0,0,0
0.086845000,0,0,1,0,1,1
0.086845042,0,0,1,1,1,1
0.086874083,0,0,1,0,0,0
0.087043375,0,0,1,1,1,1
0.087072417,0,0,1,0,0,0
0.087241708,0,0,1,1,1,1
0.087270750,0,0,1,0,0,0
0.087440042,0,0,1,1,1,1
0.087469083,0,0,1,0,0,0
0.087638375,0,0,1,1,1,1
0.087667417,0,0,1,0,0,0
0.087836708,0,0,1,1,1,1
0.087865750,0,0,1,0,0,0
0.088035042,0,0,1,1,1,1
0.088064125,0,0,1,0,0,0
0.088233417,0,0,1,1,1,1
0.088262458,0,0,1,0,0,0
0.088431750,0,0,1,1,1,1
0.088460792,0,0,1,0,0,0
0.088630083,0,0,1,1,1,1
0.088659125,0,0,1,0,0,0
0.088828458,0,0,1,1,1,1
0.088857500,0,0,1,0,0,0
0.089026792,0,0,1,1,1,1
0.089055833,0,0,1,0,0,0
0.089225125,0,0,1,1,1,1
0.089254167,0,0,1,0,0,0
0.089423458,0,0,1,1,1,1
0.089452500,0,0,1,0,0,0
0.089621750,0,0,1,1,1,1
0.089650792,0,0,1,0,0,0
0.089820083,0,0,1,1,1,1
0.089849125,0,0,1,0,0,0
0.090018417,0,0,1,1,1,1
0.090047500,0,0,1,0,0,0
0.090216750,0,0,1,1,1,1
0.090245792,0,0,1,0,0,0
0.090415083,0,0,1,1,1,1
0.090444125,0,0,1,0,0,0
0.090613375,0,0,1,1,1,1
0.090642417,0,0,1,0,0,0
0.090811667,0,0,1,1,1,1
0.090840750,0,0,1,0,0,0
0.091010000,0,0,1,1,1,1
0.091039042,0,0,1,0,0,0
0.091208292,0,0,1,1,1,1
0.091237333,0,0,1,0,0,0
0.091406625,0,0,1,1,1,1
0.091435667,0,0,1,0,0,0
0.091604917,0,0,1,1,1,1
0.091634000,0,0,1,0,0,0
0.091803250,0,0,1,1,1,1
0.091832292,0,0,1,0,0,0
0.092001583,0,0,1,1,1,1
0.092030625,0,0,1,0,0,0
0.092199875,0,0,1,1,1,1
0.092228917,0,0,1,0,0,0
0.092398167,0,0,1,1,1,1
0.092427250,0,0,1,0,0,0
0.092596458,0,0,1,1,1,1
0.092625500,0,0,1,0,0,0
0.092794792,0,0,1,1,1,1
0.092823833,0,0,1,0,0,0
0.092993125,0,0,1,1,1,1
0.093022167,0,0,1,0,0,0
0.093191458,0,0,1,1,1,1
0.093220542,0,0,1,0,0,0
0.093389792,0,0,1,1,1,1
0.093418833,0,0,1,0,0,0
0.093588083,0,0,1,1,1,1
0.093617125,0,0,1,0,0,0
0.093786417,0,0,1,1,1,1
0.093815458,0,0,1,0,0,0
0.093984750,0,0,1,1,1,1
0.094013792,0,0,1,0,0,0
0.094183083,0,0,1,1,1,1
0.094212125,0,0,1,0,0,0
0.094381417,0,0,1,1,1,1
0.094410458,0,0,1,0,0,0
0.094579792,0,0,1,1,1,1
0.094608833,0,0,1,0,0,0
0.094778125,0,0,1,1,1,1
0.094807208,0,0,1,0,0,0
0.094976458,0,0,1,1,1,1
0.095005500,0,0,1,0,0,0
0.095174750,0,0,1,1,1,1
0.095203792,0,0,1,0,0,0
0.095373083,0,0,1,1,1,1
0.095402125,0,0,1,0,0,0
0.095571375,0,0,1,1,1,1
0.095600417,0,0,1,0,0,0
0.095769708,0,0,1,1,1,1
0.095798750,0,0,1,0,0,0
0.095968042,0,0,1,1,1,1
0.095997083,0,0,1,0,0,0
0.096166375,0,0,1,1,1,1
0.096195417,0,0,1,0,0,0
0.096364708,0,0,1,1,1,1
0.096393792,0,0,1,0,0,0
0.096563125,0,0,1,1,1,1
0.096592167,0,0,1,0,0,0
0.096761500,0,0,1,1,1,1
0.096790542,0,0,1,0,0,0
0.096959833,0,0,1,1,1,1
0.096988917,0,0,1,0,0,0
0.097158167,0,0,1,1,1,1
0.097187250,0,0,1,0,0,0
0.097356500,0,0,1,1,1,1
0.097385542,0,0,1,0,0,0
0.097554792,0,0,1,1,1,1
0.097583833,0,0,1,0,0,0
0.097753083,0,0,1,1,1,1
0.097782125,0,0,1,0,0,0
0.097951417,0,0,1,1,1,1
0.097980458,0,0,1,0,0,0
0.098149750,0,0,1,1,1,1
0.098178792,0,0,1,0,0,0
0.098348083,0,0,1,1,1,1
0.098377125,0,0,1,1,0,1
0.098377167,0,0,1,0,0,0
0.098546458,0,0,1,1,1,1
0.098575500,0,0,1,0,0,0
0.098744792,0,0,1,1,1,1
0.098773875,0,0,1,0,0,0
0.098943167,0,0,1,1,1,1
0.098972208,0,0,1,0,0,0
0.099141542,0,0,1,1,1,1
0.099170583,0,0,1,0,0,0
0.099339917,0,0,1,1,1,1
0.099368958,0,0,1,0,0,0
0.099538292,0,0,1,1,1,1
0.099567333,0,0,1,0,0,0
0.099736667,0,0,1,1,1,1
0.099765708,0,0,1,0,0,0
0.099935042,0,0,1,1,1,1
0.099964083,0,0,1,0,0,0
0.100133417,0,0,1,1,1,1
0.100162458,0,0,1,0,0,0
0.100331792,0,0,1,1,1,1
0.100360833,0,0,1,0,0,0
0.100530167,0,0,1,1,1,1
0.100559208,0,0,1,0,0,0
0.100728500,0,0,1,1,1,1
0.100757583,0,0,1,0,0,0
0.100926917,0,0,1,1,1,1
0.100955958,0,0,1,0,0,0
0.101125292,0,0,1,1,1,1
0.101154333,0,0,1,0,0,0
0.101323667,0,0,1,1,1,1
0.101352708,0,0,1,0,0,0
0.101522042,0,0,1,1,1,1
0.101551083,0,0,1,0,0,0
0.101720417,0,0,1,1,1,1
0.101749458,0,0,1,0,0,0
0.101918750,0,0,1,1,1,1
0.101947792,0,0,1,0,0,0
0.102117042,0,0,1,1,1,1
0.102146125,0,0,1,0,0,0
0.102315375,0,0,1,0,1,1
0.102315417,0,0,1,1,1,1
0.102344458,0,0,1,0,0,0
0.102513750,0,0,1,1,1,1
0.102542792,0,0,1,0,0,0
0.102712042,0,0,1,1,1,1
0.102741125,0,0,1,0,0,0
0.102910375,0,0,1,1,1,1
0.102939417,0,0,1,0,0,0
0.103108667,0,0,1,1,1,1
0.103137708,0,0,1,0,0,0
0.103306958,0,0,1,1,1,1
0.103336000,0,0,1,0,0,0
0.103505208,0,0,1,1,1,1
0.103534250,0,0,1,0,0,0
0.103703500,0,0,1,1,1,1
0.103732542,0,0,1,0,0,0
0.103901792,0,0,1,1,1,1
0.103930833,0,0,1,0,0,0
0.104100083,0,0,1,1,1,1
0.104129167,0,0,1,0,0,0
0.104298375,0,0,1,1,1,1
0.104327417,0,0,1,0,0,0
0.104496667,0,0,1,1,1,1
0.104525708,0,0,1,0,0,0
0.104694958,0,0,1,1,1,1
0.104724000,0,0,1,0,0,0
0.104893250,0,0,1,1,1,1
0.104922292,0,0,1,0,0,0
0.105091542,0,0,1,1,1,1
0.105120583,0,0,1,0,0,0
0.105289875,0,0,1,1,1,1
0.105318917,0,0,1,0,0,0
0.105488167,0,0,1,1,1,1
0.105517208,0,0,1,0,0,0
0.105686500,0,0,1,1,1,1
0.105715542,0,0,1,0,0,0
0.105884792,0,0,1,1,1,1
0.105913833,0,0,1,0,0,0
0.106083083,0,0,1,1,1,1
0.106112125,0,0,1,0,0,0
0.106281333,0,0,1,0,1,1
0.106281375,0,0,1,1,1,1
0.106310375,0,0,1,0,0,0
0.106479625,0,0,1,1,1,1
0.106508667,0,0,1,0,0,0
0.106677917,0,0,1,1,1,1
0.106706958,0,0,1,0,0,0
0.106876208,0,0,1,1,1,1
0.106905250,0,0,1,0,0,0
0.107074542,0,0,1,1,1,1
0.107103583,0,0,1,0,0,0
0.107272833,0,0,1,1,1,1
0.107301875,0,0,1,0,0,0
0.107471167,0,0,1,1,1,1
0.107500250,0,0,1,0,0,0
0.107669500,0,0,1,1,1,1
0.107698542,0,0,1,0,0,0
0.107867833,0,0,1,1,1,1
0.107896875,0,0,1,0,0,0
0.108066125,0,0,1,1,1,1
0.108095167,0,0,1,1,0,0
0.108095208,0,0,1,0,0,0
0.108264458,0,0,1,1,1,1
0.108293500,0,0,1,0,0,0
0.108462792,0,0,1,1,1,1
0.108491833,0,0,1,0,0,0
0.108661125,0,0,1,1,1,1
0.108690167,0,0,1,0,0,0
0.108859458,0,0,1,1,1,1
0.108888500,0,0,1,0,0,0
0.109057750,0,0,1,1,1,1
0.109086792,0,0,1,0,0,0
0.109256042,0,0,1,1,1,1
0.109285083,0,0,1,0,0,0
0.109454333,0,0,1,1,1,1
0.109483375,0,0,1,0,0,0
0.109652583,0,0,1,1,1,1
0.109681625,0,0,1,0,0,0
0.109850875,0,0,1,1,1,1
0.109879917,0,0,1,0,0,0
0.110049125,0,0,1,1,1,1
0.110078125,0,0,1,0,0,0
0.110247375,0,0,1,1,1,1
0.110276417,0,0,1,0,0,0
0.110445625,0,0,1,1,1,1
0.110474667,0,0,1,0,0,0
0.110643917,0,0,1,0,0,1
0.110643958,0,0,1,1,1,1
0.110672958,0,0,1,0,0,0
0.110842250,0,0,1,1,1,1
0.110871292,0,0,1,0,0,0
0.111040625,0,0,1,1,1,1
0.111069708,0,0,1,0,0,0
0.111239000,0,0,1,1,1,1
0.111268042,0,0,1,0,0,0
0.111437333,0,0,1,1,1,1
0.111466375,0,0,1,0,0,0
0.111635625,0,0,1,1,1,1
0.111664667,0,0,1,0,0,0
0.111833958,0,0,1,1,1,1
0.111863000,0,0,1,0,0,0
0.112032208,0,0,1,1,1,1
0.112061250,0,0,1,0,0,0
0.112230500,0,0,1,1,1,1
0.112259542,0,0,1,0,0,0
0.112428750,0,0,1,1,1,1
0.112457792,0,0,1,0,0,0
0.112627042,0,0,1,1,1,1
0.112656083,0,0,1,0,0,0
0.112825333,0,0,1,1,1,1
0.112854375,0,0,1,0,0,0
0.113023625,0,0,1,1,1,1
0.113052667,0,0,1,0,0,0
0.113221958,0,0,1,1,1,1
0.113251000,0,0,1,0,0,0
0.113420250,0,0,1,1,1,1
0.113449292,0,0,1,0,0,0
0.113618583,0,0,1,1,1,1
0.113647625,0,0,1,0,0,0
0.113816917,0,0,1,1,1,1
0.113845958,0,0,1,0,0,0
0.114015250,0,0,1,1,1,1
0.114044292,0,0,1,0,0,0
0.114213583,0,0,1,1,1,1
0.114242625,0,0,1,0,0,0
0.114411917,0,0,1,1,1,1
0.114441000,0,0,1,0,0,0
0.114610250,0,0,1,1,1,1
0.114639333,0,0,1,0,0,0
0.114808625,0,0,1,1,1,1
0.114837667,0,0,1,0,0,0
0.115006917,0,0,1,1,1,1
0.115036000,0,0,1,0,0,0
0.115205250,0,0,1,1,1,1
0.115234333,0,0,1,0,0,0
0.115403625,0,0,1,1,1,1
0.115432667,0,0,1,0,0,0
0.115601958,0,0,1,1,1,1
0.115631000,0,0,1,0,0,0
0.115800333,0,0,1,1,1,1
0.115829375,0,0,1,0,0,0
0.115998708,0,0,1,1,1,1
0.116027750,0,0,1,0,0,0
0.116197042,0,0,1,1,1,1
0.116226083,0,0,1,0,0,0
0.116395375,0,0,1,1,1,1
0.116424417,0,0,1,0,0,0
0.116593708,0,0,1,1,1,1
0.116622750,0,0,1,0,0,0
0.116792042,0,0,1,1,1,1
0.116821083,0,0,1,0,0,0
0.116990375,0,0,1,1,1,1
0.117019417,0,0,1,0,0,0
0.117188667,0,0,1,1,1,1
0.117217708,0,0,1,0,0,0
0.117387042,0,0,1,1,1,1
0.117416083,0,0,1,0,0,0
0.117585417,0,0,1,1,1,1
0.117614458,0,0,1,0,0,0
0.117783750,0,0,1,1,1,1
0.117812792,0,0,1,0,0,0
0.117982125,0,0,1,1,1,1
0.118011167,0,0,1,0,0,0
0.118180458,0,0,1,1,1,1
0.118209500,0,0,1,0,0,0
0.118378792,0,0,1,1,1,1
0.118407875,0,0,1,0,0,0
0.118577167,0,0,1,1,1,1
0.118606208,0,0,1,0,0,0
0.118775500,0,0,1,1,1,1
0.118804542,0,0,1,0,0,0
0.118973875,0,0,1,1,1,1
0.119002917,0,0,1,0,0,0
0.119172250,0,0,1,1,1,1
0.119201333,0,0,1,0,0,0
0.119370625,0,0,1,1,1,1
0.119399708,0,0,1,0,0,0
0.119569000,0,0,1,1,1,1
0.119598042,0,0,1,0,0,0
0.119767292,0,0,1,1,1,1
0.119796333,0,0,1,1,0,0
0.119796375,0,0,1,0,0,0
0.119965667,0,0,1,1,1,1
0.119994708,0,0,1,0,0,0
0.120164042,0,0,1,1,1,1
0.120193083,0,0,1,0,0,0
0.120362333,0,0,1,1,1,1
0.120391375,0,0,1,0,0,0
0.120560667,0,0,1,1,1,1
0.120589708,0,0,1,0,0,0
0.120758917,0,0,1,0,1,1
0.120758958,0,0,1,1,1,1
0.120788000,0,0,1,0,0,0
0.120957208,0,0,1,1,1,1
0.120986250,0,0,1,0,0,0
0.121155500,0,0,1,1,1,1
0.121184542,0,0,1,0,0,0
0.121353792,0,0,1,1,1,1
0.121382833,0,0,1,0,0,0
0.121552125,0,0,1,1,1,1
0.121581125,0,0,1,1,0,0
0.121581167,0,0,1,0,0,0
0.121750375,0,0,1,1,1,1
0.121779417,0,0,1,0,0,0
0.121948625,0,0,1,1,1,1
0.121977667,0,0,1,0,0,0
0.122146917,0,0,1,1,1,1
0.122175958,0,0,1,0,0,0
0.122345167,0,0,1,1,1,1
0.122374208,0,0,1,0,0,0
0.122543500,0,0,1,1,1,1
0.122572542,0,0,1,0,0,0
0.122741750,0,0,1,1,1,1
0.122770792,0,0,1,0,0,0
0.122940000,0,0,1,1,1,1
0.122969042,0,0,1,0,0,0
0.123138292,0,0,1,1,1,1
0.123167333,0,0,1,0,0,0
0.123336583,0,0,1,1,1,1
0.123365625,0,0,1,0,0,0
0.123534875,0,0,1,1,1,1
0.123563917,0,0,1,0,0,0
0.123733167,0,0,1,1,1,1
0.123762208,0,0,1,0,0,0
0.123931458,0,0,1,1,1,1
0.123960500,0,0,1,0,0,0
0.124129750,0,0,1,1,1,1
0.124158792,0,0,1,0,0,0
0.124328042,0,0,1,1,1,1
0.124357083,0,0,1,0,0,0
0.124526292,0,0,1,1,1,1
0.124555333,0,0,1,0,0,0
0.124724625,0,0,1,1,1,1
0.124753667,0,0,1,0,0,0
0.124922958,0,0,1,1,1,1
0.124952000,0,0,1,0,0,0
0.125121250,0,0,1,1,1,1
0.125150292,0,0,1,0,0,0
0.125319542,0,0,1,1,1,1
0.125348583,0,0,1,0,0,0
0.125517875,0,0,1,1,1,1
0.125546917,0,0,1,0,0,0
0.125716208,0,0,1,1,1,1
0.125745292,0,0,1,0,0,0
0.125914583,0,0,1,1,1,1
0.125943625,0,0,1,0,0,0
0.126112875,0,0,1,1,1,1
0.126141958,0,0,1,0,0,0
0.126311208,0,0,1,1,1,1
0.126340250,0,0,1,0,0,0
0.126509500,0,0,1,1,1,1
0.126538542,0,0,1,0,0,0
0.126707792,0,0,1,1,1,1
0.126736833,0,0,1,0,0,0
0.126906042,0,0,1,1,1,1
0.126935083,0,0,1,0,0,0
0.127104375,0,0,1,1,1,1
0.127133417,0,0,1,0,0,0
0.127302750,0,0,1,1,1,1
0.127331792,0,0,1,0,0,0
0.127501125,0,0,1,1,1,1
0.127530167,0,0,1,0,0,0
0.127699458,0,0,1,1,1,1
0.127728542,0,0,1,0,0,0
0.127897833,0,0,1,1,1,1
0.127926875,0,0,1,0,0,0
0.128096208,0,0,1,1,1,1
0.128125250,0,0,1,0,0,0
0.128294500,0,0,1,1,1,1
0.128323542,0,0,1,0,0,0
0.128492875,0,0,1,1,1,1
0.128521917,0,0,1,0,0,0
0.128691208,0,0,1,1,1,1
0.128720292,0,0,1,0,0,0
0.128889583,0,0,1,1,1,1
0.128918667,0,0,1,0,0,0
0.129087958,0,0,1,1,1,1
0.129117000,0,0,1,0,0,0
0.129286250,0,0,1,1,1,1
0.129315292,0,0,1,0,0,0
0.129484583,0,0,1,1,1,1
0.129513625,0,0,1,0,0,0
0.129682917,0,0,1,1,1,1
0.129711958,0,0,1,0,0,0
0.129881208,0,0,1,1,1,1
0.129910250,0,0,1,0,0,0
0.130079542,0,0,1,1,1,1
0.130108583,0,0,1,0,0,0
0.130277833,0,0,1,1,1,1
0.130306875,0,0,1,0,0,0
0.130476083,0,0,1,1,1,1
0.130505125,0,0,1,1,0,1
0.130505167,0,0,1,0,0,0
0.130674375,0,0,1,0,1,1
0.130674417,0,0,1,1,1,1
0.130703417,0,0,1,0,0,0
0.130872708,0,0,1,1,1,1
0.130901750,0,0,1,0,0,0
0.131070958,0,0,1,1,1,1
0.131100000,0,0,1,0,0,0
0.131269250,0,0,1,1,1,1
0.131298292,0,0,1,0,0,0
0.131467542,0,0,1,1,1,1
0.131496583,0,0,1,0,0,0
0.131665875,0,0,1,1,1,1
0.131694917,0,0,1,0,0,0
0.131864208,0,0,1,1,1,1
0.131893250,0,0,1,0,0,0
0.132062458,0,0,1,1,1,1
0.132091500,0,0,1,0,0,0
0.132260708,0,0,1,1,1,1
0.132289750,0,0,1,0,0,0
0.132459000,0,0,1,1,1,1
0.132488042,0,0,1,0,0,0
0.132657292,0,0,1,1,1,1
0.132686333,0,0,1,0,0,0
0.132855583,0,0,1,1,1,1
0.132884625,0,0,1,0,0,0
0.133053875,0,0,1,1,1,1
0.133082917,0,0,1,0,0,0
0.133252125,0,0,1,1,1,1
0.133281208,0,0,1,0,0,0
0.133450458,0,0,1,1,1,1
0.133479500,0,0,1,0,0,0
0.133648708,0,0,1,1,1,1
0.133677750,0,0,1,0,0,0
0.133847000,0,0,1,1,1,1
0.133876000,0,0,1,0,0,0
0.134045250,0,0,1,1,1,1
0.134074292,0,0,1,0,0,0
0.134243500,0,0,1,1,1,1
0.134272542,0,0,1,0,0,0
0.134441750,0,0,1,0,1,1
0.134441792,0,0,1,1,1,1
0.134470792,0,0,1,0,0,0
0.134640042,0,0,1,1,1,1
0.134669083,0,0,1,0,0,0
0.134838292,0,0,1,1,1,1
0.134867333,0,0,1,0,0,0
0.135036542,0,0,1,1,1,1
0.135065583,0,0,1,0,0,0
0.135234792,0,0,1,1,1,1
0.135263833,0,0,1,0,0,0
0.135433125,0,0,1,1,1,1
0.135462167,0,0,1,0,0,0
0.135631458,0,0,1,1,1,1
0.135660500,0,0,1,0,0,0
0.135829792,0,0,1,1,1,1
0.135858833,0,0,1,0,0,0
0.136028083,0,0,1,1,1,1
0.136057125,0,0,1,0,0,0
0.136226375,0,0,1,1,1,1
0.136255417,0,0,1,0,0,0
0.136424625,0,0,1,1,1,1
0.136453667,0,0,1,0,0,0
0.136622917,0,0,1,1,1,1
0.136651958,0,0,1,0,0,0
0.136821167,0,0,1,1,1,1
0.136850208,0,0,1,0,0,0
0.137019458,0,0,1,1,1,1
0.137048500,0,0,1,0,0,0
0.137217750,0,0,1,1,1,1
0.137246792,0,0,1,0,0,0
0.137416042,0,0,1,1,1,1
0.137445083,0,0,1,0,0,0
0.137614333,0,0,1,1,1,1
0.137643375,0,0,1,0,0,0
0.137812542,0,0,1,1,1,1
0.137841583,0,0,1,0,0,0
0.138010708,0,0,1,1,1,1
0.138039750,0,0,1,0,0,0
0.138208917,0,0,1,1,1,1
0.138237958,0,0,1,0,0,0
0.138407167,0,0,1,1,1,1
0.138436208,0,0,1,0,0,0
0.138605458,0,0,1,1,1,1
0.138634500,0,0,1,0,0,0
0.138803750,0,0,1,1,1,1
0.138832792,0,0,1,0,0,0
0.139002000,0,0,1,1,1,1
0.139031042,0,0,1,0,0,0
0.139200292,0,0,1,1,1,1
0.139229375,0,0,1,0,0,0
0.139398625,0,0,1,1,1,1
0.139427667,0,0,1,0,0,0
0.139596917,0,0,1,1,1,1
0.139625958,0,0,1,0,0,0
0.139795208,0,0,1,1,1,1
0.139824250,0,0,1,0,0,0
0.139993500,0,0,1,1,1,1
0.140022542,0,0,1,0,0,0
0.140191792,0,0,1,1,1,1
0.140220833,0,0,1,0,0,0
0.140390083,0,0,1,1,1,1
0.140419125,0,0,1,0,0,0
0.140588417,0,0,1,1,1,1
0.140617458,0,0,1,0,0,0
0.140786708,0,0,1,1,1,1
0.140815750,0,0,1,0,0,0
0.140985000,0,0,1,1,1,1
0.141014042,0,0,1,0,0,0
0.141183292,0,0,1,1,1,1
0.141212333,0,0,1,0,0,0
0.141381583,0,0,1,1,1,1
0.141410625,0,0,1,0,0,0
0.141579833,0,0,1,1,1,1
0.141608875,0,0,1,0,0,0
0.141778125,0,0,1,1,1,1
0.141807125,0,0,1,0,0,0
0.141976333,0,0,1,1,1,1
0.142005375,0,0,1,0,0,0
0.142174583,0,0,1,1,1,1
0.142203625,0,0,1,0,0,0
0.142372917,0,0,1,1,1,1
0.142401958,0,0,1,0,0,0
0.142571208,0,0,1,1,1,1
0.142600250,0,0,1,0,0,0
0.142769542,0,0,1,1,1,1
0.142798625,0,0,1,0,0,0
0.142967833,0,0,1,1,1,1
0.142996875,0,0,1,0,0,0
0.143166083,0,0,1,1,1,1
0.143195125,0,0,1,0,0,0
0.143364333,0,0,1,1,1,1
0.143393375,0,0,1,0,0,0
0.143562583,0,0,1,1,1,1
0.143591625,0,0,1,0,0,0
0.143760833,0,0,1,1,1,1
0.143789875,0,0,1,0,0,0
0.143959083,0,0,1,1,1,1
0.143988125,0,0,1,0,0,0
0.144157292,0,0,1,1,1,1
0.144186333,0,0,1,0,0,0
0.144355542,0,0,1,1,1,1
0.144384583,0,0,1,0,0,0
0.144553833,0,0,1,1,1,1
0.144582875,0,0,1,0,0,0
0.144752125,0,0,1,1,1,1
0.144781167,0,0,1,0,0,0
0.144950417,0,0,1,1,1,1
0.144979458,0,0,1,0,0,0
0.145148667,0,0,1,1,1,1
0.145177667,0,0,1,0,0,0
0.145346875,0,0,1,1,1,1
0.145375917,0,0,1,0,0,0
0.145545125,0,0,1,1,1,1
0.145574167,0,0,1,0,0,0
0.145743333,0,0,1,1,1,1
0.145772375,0,0,1,0,0,0
0.145941583,0,0,1,1,1,1
0.145970625,0,0,1,0,0,0
0.146139833,0,0,1,1,1,1
0.146168833,0,0,1,0,0,0
0.146338042,0,0,1,1,1,1
0.146367083,0,0,1,0,0,0
0.146536292,0,0,1,1,1,1
0.146565333,0,0,1,0,0,0
0.146734583,0,0,1,1,1,1
0.146763625,0,0,1,0,0,0
0.146932833,0,0,1,1,1,1
0.146961875,0,0,1,0,0,0
0.147131125,0,0,1,1,1,1
0.147160167,0,0,1,0,0,0
0.147329375,0,0,1,1,1,1
0.147358417,0,0,1,0,0,0
0.147527625,0,0,1,1,1,1
0.147556667,0,0,1,0,0,0
0.147725917,0,0,1,1,1,1
0.147754958,0,0,1,0,0,0
0.147924208,0,0,1,1,1,1
0.147953250,0,0,1,0,0,0
0.148122458,0,0,1,1,1,1
0.148151500,0,0,1,0,0,0
0.148320708,0,0,1,1,1,1
0.148349750,0,0,1,0,0,0
0.148518958,0,0,1,1,1,1
0.148548000,0,0,1,0,0,0
0.148717250,0,0,1,1,1,1
0.148746292,0,0,1,0,0,0
0.148915583,0,0,1,1,1,1
0.148944625,0,0,1,0,0,0
0.149113875,0,0,1,1,1,1
0.149142917,0,0,1,0,0,0
0.149312125,0,0,1,1,1,1
0.149341167,0,0,1,0,0,0
0.149510333,0,0,1,1,1,1
0.149539375,0,0,1,0,0,0
0.149708542,0,0,1,1,1,1
0.149737583,0,0,1,0,0,0
0.149906792,0,0,1,1,1,1
0.149935833,0,0,1,0,0,0
0.150105000,0,0,1,1,1,1
0.150134042,0,0,1,0,0,0
0.150303250,0,0,1,1,1,1
0.150332292,0,0,1,0,0,0
0.150501458,0,0,1,1,1,1
0.150530500,0,0,1,0,0,0
0.150699708,0,0,1,1,1,1
0.150728708,0,0,1,0,0,0
0.150897917,0,0,1,1,1,1
0.150926958,0,0,1,0,0,0
0.151096167,0,0,1,1,1,1
0.151125208,0,0,1,0,0,0
0.151294417,0,0,1,1,1,1
0.151323458,0,0,1,0,0,0
0.151492667,0,0,1,1,1,1
0.151521708,0,0,1,0,0,0
0.151690875,0,0,1,1,1,1
0.151719917,0,0,1,0,0,0
0.151889125,0,0,1,1,1,1
0.151918167,0,0,1,0,0,0
0.152087375,0,0,1,1,1,1
0.152116417,0,0,1,0,0,0
0.152285667,0,0,1,1,1,1
0.152314708,0,0,1,0,0,0
0.152483917,0,0,1,1,1,1
0.152512958,0,0,1,0,0,0
0.152682208,0,0,1,1,1,1
0.152711250,0,0,1,0,0,0
0.152880500,0,0,1,1,1,1
0.152909542,0,0,1,0,0,0
0.153078833,0,0,1,1,1,1
0.153107917,0,0,1,0,0,0
0.153277167,0,0,1,1,1,1
0.153306208,0,0,1,0,0,0
0.153475458,0,0,1,1,1,1
0.153504500,0,0,1,0,0,0
0.153673750,0,0,1,1,1,1
0.153702792,0,0,1,0,0,0
0.153872042,0,0,1,1,1,1
0.153901083,0,0,1,0,0,0
0.154070333,0,0,1,1,1,1
0.154099417,0,0,1,0,0,0
0.154268625,0,0,1,1,1,1
0.154297667,0,0,1,0,0,0
0.154466917,0,0,1,1,1,1
0.154495958,0,0,1,0,0,0
0.154665250,0,0,1,1,1,1
0.154694292,0,0,1,0,0,0
0.154863583,0,0,1,1,1,1
0.154892625,0,0,1,0,0,0
0.155061875,0,0,1,1,1,1
0.155090917,0,0,1,0,0,0
0.155260167,0,0,1,1,1,1
0.155289208,0,0,1,0,0,0
0.155458458,0,0,1,1,1,1
0.155487500,0,0,1,0,0,0
0.155656792,0,0,1,1,1,1
0.155685833,0,0,1,0,0,0
0.155855083,0,0,1,1,1,1
0.155884125,0,0,1,0,0,0
0.156053375,0,0,1,1,1,1
0.156082417,0,0,1,0,0,0
0.156251667,0,0,1,1,1,1
0.156280708,0,0,1,0,0,0
0.156449958,0,0,1,1,1,1
0.156479000,0,0,1,1,0,0
0.156479042,0,0,1,0,0,0
0.156648292,0,0,1,1,1,1
0.156677333,0,0,1,0,0,0
0.156846667,0,0,1,1,1,1
0.156875708,0,0,1,0,0,0
0.157044958,0,0,1,1,1,1
0.157074000,0,0,1,0,0,0
0.157243250,0,0,1,1,1,1
0.157272292,0,0,1,0,0,0
0.157441542,0,0,1,1,1,1
0.157470583,0,0,1,0,0,0
0.157639833,0,0,1,1,1,1
0.157668917,0,0,1,0,0,0
0.157838167,0,0,1,1,1,1
0.157867208,0,0,1,0,0,0
0.158036458,0,0,1,1,1,1
0.158065500,0,0,1,0,0,0
0.158234750,0,0,1,1,1,1
0.158263792,0,0,1,0,0,0
0.158433042,0,0,1,0,1,1
0.158433083,0,0,1,1,1,1
0.158462125,0,0,1,0,0,0
0.158631333,0,0,1,1,1,1
0.158660375,0,0,1,0,0,0
0.158829625,0,0,1,1,1,1
0.158858667,0,0,1,0,0,0
0.159027958,0,0,1,1,1,1
0.159057000,0,0,1,0,0,0
0.159226250,0,0,1,1,1,1
0.159255292,0,0,1,0,0,0
0.159424542,0,0,1,1,1,1
0.159453583,0,0,1,0,0,0
0.159622875,0,0,1,1,1,1
0.159651917,0,0,1,0,0,0
0.159821167,0,0,1,1,1,1
0.159850250,0,0,1,0,0,0
0.160019500,0,0,1,1,1,1
0.160048542,0,0,1,0,0,0
0.160217833,0,0,1,1,1,1
0.160246875,0,0,1,0,0,0
0.160416125,0,0,1,1,1,1
0.160445167,0,0,1,0,0,0
0.160614500,0,0,1,1,1,1
0.160643542,0,0,1,0,0,0
0.160812833,0,0,1,1,1,1
0.160841875,0,0,1,0,0,0
0.161011167,0,0,1,1,1,1
0.161040208,0,0,1,0,0,0
0.161209458,0,0,1,1,1,1
0.161238500,0,0,1,0,0,0
0.161407750,0,0,1,1,1,1
0.161436792,0,0,1,0,0,0
0.161606083,0,0,1,1,1,1
0.161635125,0,0,1,0,0,0
0.161804375,0,0,1,1,1,1
0.161833417,0,0,1,0,0,0
0.162002625,0,0,1,1,1,1
0.162031667,0,0,1,0,0,0
0.162200875,0,0,1,1,1,1
0.162229917,0,0,1,0,0,0
0.162399125,0,0,1,1,1,1
0.162428167,0,0,1,0,0,0
0.162597417,0,0,1,1,1,1
0.162626417,0,0,1,0,0,0
0.162795708,0,0,1,1,1,1
0.162824750,0,0,1,0,0,0
0.162994000,0,0,1,1,1,1
0.163023042,0,0,1,0,0,0
0.163192333,0,0,1,1,1,1
0.163221375,0,0,1,0,0,0
0.163390667,0,0,1,1,1,1
0.163419708,0,0,1,0,0,0
0.163588958,0,0,1,1,1,1
0.163618000,0,0,1,0,0,0
0.163787250,0,0,1,1,1,1
0.163816292,0,0,1,0,0,0
0.163985542,0,0,1,1,1,1
0.164014583,0,0,1,0,0,0
0.164183833,0,0,1,1,1,1
0.164212875,0,0,1,0,0,0
0.164382083,0,0,1,1,1,1
0.164411125,0,0,1,0,0,0
0.164580375,0,0,1,1,1,1
0.164609417,0,0,1,0,0,0
0.164778625,0,0,1,1,1,1
0.164807667,0,0,1,0,0,0
0.164976875,0,0,1,1,1,1
0.165005917,0,0,1,0,0,0
0.165175167,0,0,1,1,1,1
0.165204208,0,0,1,0,0,0
0.165373458,0,0,1,1,1,1
0.165402458,0,0,1,0,0,0
0.165571667,0,0,1,1,1,1
0.165600708,0,0,1,0,0,0
0.165769917,0,0,1,1,1,1
0.165798958,0,0,1,0,0,0
0.165968208,0,0,1,1,1,1
0.165997250,0,0,1,0,0,0
0.166166542,0,0,1,1,1,1
0.166195583,0,0,1,0,0,0
0.166364833,0,0,1,1,1,1
0.166393875,0,0,1,0,0,0
0.166563125,0,0,1,1,1,1
0.166592167,0,0,1,0,0,0
0.166761375,0,0,1,1,1,1
0.166790417,0,0,1,0,0,0
0.166959667,0,0,1,1,1,1
0.166988708,0,0,1,0,0,0
0.167157917,0,0,1,1,1,1
0.167186958,0,0,1,0,0,0
0.167356167,0,0,1,1,1,1
0.167385208,0,0,1,0,0,0
0.167554417,0,0,1,1,1,1
0.167583500,0,0,1,0,0,0
0.167752708,0,0,1,1,1,1
0.167781708,0,0,1,1,0,0
0.167781750,0,0,1,0,0,0
0.167950958,0,0,1,1,1,1
0.167980000,0,0,1,0,0,0
0.168149208,0,0,1,1,1,1
0.168178250,0,0,1,0,0,0
0.168347500,0,0,1,1,1,1
0.168376542,0,0,1,0,0,0
0.168545792,0,0,1,1,1,1
0.168574833,0,0,1,0,0,0
0.168744083,0,0,1,1,1,1
0.168773125,0,0,1,0,0,0
0.168942375,0,0,1,1,1,1
0.168971417,0,0,1,0,0,0
0.169140667,0,0,1,1,1,1
0.169169708,0,0,1,0,0,0
0.169338875,0,0,1,1,1,1
0.169367917,0,0,1,0,0,0
0.169537125,0,0,1,1,1,1
0.169566167,0,0,1,0,0,0
0.169735417,0,0,1,1,1,1
0.169764458,0,0,1,0,0,0
0.169933708,0,0,1,1,1,1
0.169962750,0,0,1,0,0,0
0.170131958,0,0,1,1,1,1
0.170161000,0,0,1,0,0,0
0.170330208,0,0,1,1,1,1
0.170359250,0,0,1,0,0,0
0.170528458,0,0,1,1,1,1
0.170557458,0,0,1,1,0,0
0.170557500,0,0,1,0,0,0
0.170726708,0,0,1,1,1,1
0.170755750,0,0,1,0,0,0
0.170925000,0,0,1,1,1,1
0.170954042,0,0,1,0,0,0
0.171123292,0,0,1,1,1,1
0.171152333,0,0,1,0,0,0
0.171321583,0,0,1,1,1,1
0.171350625,0,0,1,0,0,0
0.171519917,0,0,1,1,1,1
0.171548958,0,0,1,0,0,0
0.171718208,0,0,1,1,1,1
0.171747250,0,0,1,0,0,0
0.171916500,0,0,1,1,1,1
0.171945542,0,0,1,0,0,0
0.172114792,0,0,1,1,1,1
0.172143833,0,0,1,0,0,0
0.172313000,0,0,1,1,1,1
0.172342042,0,0,1,0,0,0
0.172511250,0,0,1,1,1,1
0.172540250,0,0,1,0,0,0
0.172709458,0,0,1,0,1,0
0.172709500,0,0,1,1,1,1
0.172738500,0,0,1,0,0,0
0.172907750,0,0,1,1,1,1
0.172936750,0,0,1,0,0,0
0.173105917,0,0,1,1,1,1
0.173134958,0,0,1,0,0,0
0.173304125,0,0,1,1,1,1
0.173333167,0,0,1,0,0,0
0.173502375,0,0,1,1,1,1
0.173531417,0,0,1,0,0,0
0.173700583,0,0,1,1,1,1
0.173729625,0,0,1,0,0,0
0.173898792,0,0,1,0,1,0
0.173898833,0,0,1,1,1,1
0.173927833,0,0,1,0,0,0
0.174097000,0,0,1,1,1,1
0.174126042,0,0,1,0,0,0
0.174295208,0,0,1,1,1,1
0.174324250,0,0,1,0,0,0
0.174493417,0,0,1,1,1,1
0.174522458,0,0,1,0,0,0
0.174691625,0,0,1,1,1,1
0.174720667,0,0,1,0,0,0
0.174889833,0,0,1,1,1,1
0.174918833,0,0,1,0,0,0
0.175088042,0,0,1,1,1,1
0.175117042,0,0,1,0,0,0
0.175286208,0,0,1,1,1,1
0.175315250,0,0,1,0,0,0
0.175484500,0,0,1,1,1,1
0.175513500,0,0,1,0,0,0
0.175682708,0,0,1,1,1,1
0.175711750,0,0,1,0,0,0
0.175880917,0,0,1,1,1,1
0.175909958,0,0,1,0,0,0
0.176079167,0,0,1,1,1,1
0.176108208,0,0,1,0,0,0
0.176277458,0,0,1,1,1,1
0.176306500,0,0,1,0,0,0
0.176475708,0,0,1,1,1,1
0.176504750,0,0,1,0,0,0
0.176673958,0,0,1,1,1,1
0.176703000,0,0,1,0,0,0
0.176872250,0,0,1,1,1,1
0.176901292,0,0,1,0,0,0
0.177070542,0,0,1,1,1,1
0.177099625,0,0,1,0,0,0
0.177268875,0,0,1,1,1,1
0.177297917,0,0,1,0,0,0
0.177467167,0,0,1,1,1,1
0.177496208,0,0,1,0,0,0
0.177665417,0,0,1,1,1,1
0.177694458,0,0,1,0,0,0
0.177863667,0,0,1,1,1,1
0.177892708,0,0,1,0,0,0
0.178061917,0,0,1,1,1,1
0.178090917,0,0,1,0,0,0
0.178260083,0,0,1,1,1,1
0.178289125,0,0,1,0,0,0
0.178458292,0,0,1,1,1,1
0.178487333,0,0,1,0,0,0
0.178656500,0,0,1,1,1,1
0.178685500,0,0,1,1,0,0
0.178685542,0,0,1,0,0,0
0.178854708,0,0,1,1,1,1
0.178883708,0,0,1,0,0,0
0.179052875,0,0,1,1,1,1
0.179081917,0,0,1,0,0,0
0.179251167,0,0,1,1,1,1
0.179280167,0,0,1,0,0,0
0.179449375,0,0,1,1,1,1
0.179478417,0,0,1,0,0,0
0.179647667,0,0,1,1,1,1
0.179676708,0,0,1,0,0,0
0.179845958,0,0,1,1,1,1
0.179875000,0,0,1,0,0,0
0.180044250,0,0,1,1,1,1
0.180073292,0,0,1,0,0,0
0.180242542,0,0,1,1,1,1
0.180271583,0,0,1,0,0,0
0.180440792,0,0,1,1,1,1
0.180469875,0,0,1,0,0,0
0.180639125,0,0,1,1,1,1
0.180668167,0,0,1,0,0,0
0.180837417,0,0,1,1,1,1
0.180866458,0,0,1,0,0,0
0.181035708,0,0,1,1,1,1
0.181064792,0,0,1,0,0,0
0.181234042,0,0,1,1,1,1
0.181263083,0,0,1,0,0,0
0.181432333,0,0,1,1,1,1
0.181461417,0,0,1,0,0,0
0.181630667,0,0,1,1,1,1
0.181659708,0,0,1,0,0,0
0.181828917,0,0,1,1,1,1
0.181857958,0,0,1,0,0,0
0.182027208,0,0,1,1,1,1
0.182056250,0,0,1,0,0,0
0.182225500,0,0,1,1,1,1
0.182254542,0,0,1,0,0,0
0.182423750,0,0,1,1,1,1
0.182452792,0,0,1,0,0,0
0.182622000,0,0,1,1,1,1
0.182651042,0,0,1,0,0,0
0.182820208,0,0,1,1,1,1
0.182849250,0,0,1,0,0,0
0.183018458,0,0,1,1,1,1
0.183047500,0,0,1,0,0,0
0.183216708,0,0,1,1,1,1
0.183245750,0,0,1,0,0,0
0.183414958,0,0,1,1,1,1
0.183444000,0,0,1,0,0,0
0.183613208,0,0,1,1,1,1
0.183642250,0,0,1,0,0,0
0.183811458,0,0,1,1,1,1
0.183840500,0,0,1,0,0,0
0.184009708,0,0,1,1,1,1
0.184038750,0,0,1,0,0,0
0.184207958,0,0,1,1,1,1
0.184237000,0,0,1,0,0,0
0.184406250,0,0,1,1,1,1
0.184435292,0,0,1,0,0,0
0.184604542,0,0,1,1,1,1
0.184633583,0,0,1,0,0,0
0.184802875,0,0,1,1,1,1
0.184831917,0,0,1,0,0,0
0.185001208,0,0,1,1,1,1
0.185030292,0,0,1,0,0,0
0.185199542,0,0,1,1,1,1
0.185228625,0,0,1,0,0,0
0.185397917,0,0,1,1,1,1
0.185426958,0,0,1,0,0,0
0.185596208,0,0,1,1,1,1
0.185625250,0,0,1,0,0,0
0.185794500,0,0,1,1,1,1
0.185823542,0,0,1,0,0,0
0.185992833,0,0,1,1,1,1
0.186021875,0,0,1,0,0,0
0.186191167,0,0,1,1,1,1
0.186220208,0,0,1,0,0,0
0.186389417,0,0,1,1,1,1
0.186418458,0,0,1,0,0,0
0.186587667,0,0,1,1,1,1
0.186616708,0,0,1,0,0,0
0.186785917,0,0,1,1,1,1
0.186814958,0,0,1,0,0,0
0.186984167,0,0,1,1,1,1
0.187013208,0,0,1,0,0,0
0.187182417,0,0,1,1,1,1
0.187211458,0,0,1,0,0,0
0.187380667,0,0,1,1,1,1
0.187409708,0,0,1,0,0,0
0.187578958,0,0,1,1,1,1
0.187608000,0,0,1,0,0,0
0.187777167,0,0,1,1,1,1
0.187806208,0,0,1,0,0,0
0.187975417,0,0,1,1,1,1
0.188004458,0,0,1,0,0,0
0.188173708,0,0,1,1,1,1
0.188202750,0,0,1,0,0,0
0.188372042,0,0,1,1,1,1
0.188401083,0,0,1,0,0,0
0.188570333,0,0,1,1,1,1
0.188599375,0,0,1,0,0,0
0.188768583,0,0,1,1,1,1
0.188797625,0,0,1,0,0,0
0.188966833,0,0,1,1,1,1
0.188995875,0,0,1,0,0,0
0.189165083,0,0,1,1,1,1
0.189194125,0,0,1,0,0,0
0.189363292,0,0,1,0,1,0
0.189363333,0,0,1,1,1,1
0.189392375,0,0,1,0,0,0
0.189561625,0,0,1,1,1,1
0.189590667,0,0,1,0,0,0
0.189759917,0,0,1,1,1,1
0.189788958,0,0,1,0,0,0
0.189958167,0,0,1,1,1,1
0.189987208,0,0,1,0,0,0
0.190156458,0,0,1,1,1,1
0.190185500,0,0,1,0,0,0
0.190354750,0,0,1,1,1,1
0.190383792,0,0,1,0,0,0
0.190553000,0,0,1,1,1,1
0.190582042,0,0,1,0,0,0
0.190751250,0,0,1,1,1,1
0.190780292,0,0,1,0,0,0
0.190949458,0,0,1,1,1,1
0.190978500,0,0,1,0,0,0
0.191147708,0,0,1,1,1,1
0.191176750,0,0,1,0,0,0
0.191345917,0,0,1,1,1,1
0.191374958,0,0,1,0,0,0
0.191544167,0,0,1,1,1,1
0.191573208,0,0,1,0,0,0
0.191742417,0,0,1,1,1,1
0.191771458,0,0,1,0,0,0
0.191940667,0,0,1,1,1,1
0.191969667,0,0,1,0,0,0
0.192138917,0,0,1,1,1,1
0.192167958,0,0,1,0,0,0
0.192337125,0,0,1,1,1,1
0.192366167,0,0,1,0,0,0
0.192535375,0,0,1,1,1,1
0.192564375,0,0,1,0,0,0
0.192733542,0,0,1,1,1,1
0.192762583,0,0,1,0,0,0
0.192931750,0,0,1,1,1,1
0.192960750,0,0,1,0,0,0
0.193129958,0,0,1,1,1,1
0.193158958,0,0,1,0,0,0
0.193328167,0,0,1,1,1,1
0.193357208,0,0,1,0,0,0
0.193526375,0,0,1,1,1,1
0.193555417,0,0,1,0,0,0
0.193724583,0,0,1,1,1,1
0.193753625,0,0,1,0,0,0
0.193922792,0,0,1,0,1,0
0.193922833,0,0,1,1,1,1
0.193951833,0,0,1,0,0,0
0.194121083,0,0,1,1,1,1
0.194150125,0,0,1,0,0,0
0.194319417,0,0,1,1,1,1
0.194348458,0,0,1,0,0,0
0.194517708,0,0,1,1,1,1
0.194546750,0,0,1,0,0,0
0.194716000,0,0,1,0,0,1
0.194716042,0,0,1,1,1,1
0.194745083,0,0,1,0,0,0
0.194914333,0,0,1,1,1,1
0.194943375,0,0,1,0,0,0
0.195112625,0,0,1,1,1,1
0.195141667,0,0,1,0,0,0
0.195310875,0,0,1,1,1,1
0.195339917,0,0,1,0,0,0
0.195509167,0,0,1,1,1,1
0.195538208,0,0,1,0,0,0
0.195707500,0,0,1,1,1,1
0.195736542,0,0,1,0,0,0
0.195905792,0,0,1,1,1,1
0.195934833,0,0,1,0,0,0
0.196104083,0,0,1,1,1,1
0.196133125,0,0,1,0,0,0
0.196302375,0,0,1,1,1,1
0.196331417,0,0,1,0,0,0
0.196500667,0,0,1,1,1,1
0.196529708,0,0,1,0,0,0
0.196698958,0,0,1,1,1,1
0.196728000,0,0,1,0,0,0
0.196897250,0,0,1,1,1,1
0.196926292,0,0,1,0,0,0
0.197095583,0,0,1,1,1,1
0.197124625,0,0,1,0,0,0
0.197293917,0,0,1,1,1,1
0.197322958,0,0,1,0,0,0
0.197492208,0,0,1,1,1,1
0.197521292,0,0,1,0,0,0
0.197690583,0,0,1,1,1,1
0.197719625,0,0,1,0,0,0
0.197888917,0,0,1,1,1,1
0.197917958,0,0,1,0,0,0
0.198087250,0,0,1,1,1,1
0.198116292,0,0,1,0,0,0
0.198285542,0,0,1,1,1,1
0.198314583,0,0,1,0,0,0
0.198483833,0,0,1,1,1,1
0.198512875,0,0,1,0,0,0
0.198682125,0,0,1,1,1,1
0.198711208,0,0,1,0,0,0
0.198880500,0,0,1,1,1,1
0.198909542,0,0,1,0,0,0
0.199078833,0,0,1,1,1,1
0.199107875,0,0,1,0,0,0
0.199277125,0,0,1,1,1,1
0.199306208,0,0,1,0,0,0
0.199475500,0,0,1,1,1,1
0.199504542,0,0,1,0,0,0
0.199673833,0,0,1,1,1,1
0.199702875,0,0,1,0,0,0
0.199872125,0,0,1,0,1,0
0.199872167,0,0,1,1,1,1
0.199901208,0,0,1,0,0,0
0.200070500,0,0,1,1,1,1
0.200099542,0,0,1,0,0,0
0.200268833,0,0,1,1,1,1
0.200297875,0,0,1,0,0,0
0.200467167,0,0,1,1,1,1
0.200496208,0,0,1,0,0,0
0.200665500,0,0,1,1,1,1
0.200694542,0,0,1,0,0,0
0.200863875,0,0,1,1,1,1
0.200892917,0,0,1,0,0,0
0.201062208,0,0,1,1,1,1
0.201091250,0,0,1,0,0,0
0.201260542,0,0,1,1,1,1
0.201289625,0,0,1,0,0,0
0.201458875,0,0,1,1,1,1
0.201487917,0,0,1,0,0,0
0.201657125,0,0,1,0,1,0
0.201657167,0,0,1,1,1,1
0.201686167,0,0,1,1,0,0
0.201686208,0,0,1,0,0,0
0.201855417,0,0,1,1,1,1
0.201884458,0,0,1,0,0,0
0.202053667,0,0,1,1,1,1
0.202082708,0,0,1,1,0,0
0.202082750,0,0,1,0,0,0
0.202251958,0,0,1,1,1,1
0.202281000,0,0,1,0,0,0
0.202450208,0,0,1,1,1,1
0.202479250,0,0,1,0,0,0
0.202648458,0,0,1,1,1,1
0.202677500,0,0,1,0,0,0
0.202846750,0,0,1,1,1,1
0.202875750,0,0,1,1,0,0
0.202875792,0,0,1,0,0,0
0.203045000,0,0,1,1,1,1
0.203074042,0,0,1,0,0,0
0.203243250,0,0,1,1,1,1
0.203272292,0,0,1,0,0,0
0.203441542,0,0,1,1,1,1
0.203470583,0,0,1,0,0,0
0.203639833,0,0,1,1,1,1
0.203668875,0,0,1,0,0,0
0.203838125,0,0,1,1,1,1
0.203867167,0,0,1,0,0,0
0.204036458,0,0,1,1,1,1
0.204065500,0,0,1,0,0,0
0.204234792,0,0,1,1,1,1
0.204263833,0,0,1,0,0,0
0.204433125,0,0,1,1,1,1
0.204462167,0,0,1,0,0,0
0.204631417,0,0,1,1,1,1
0.204660458,0,0,1,0,0,0
0.204829750,0,0,1,1,1,1
0.204858792,0,0,1,0,0,0
0.205028083,0,0,1,1,1,1
0.205057125,0,0,1,0,0,0
0.205226417,0,0,1,1,1,1
0.205255458,0,0,1,0,0,0
0.205424667,0,0,1,1,1,1
0.205453708,0,0,1,0,0,0
0.205622958,0,0,1,1,1,1
0.205652000,0,0,1,0,0,0
0.205821250,0,0,1,1,1,1
0.205850292,0,0,1,0,0,0
0.206019500,0,0,1,1,1,1
0.206048542,0,0,1,0,0,0
0.206217792,0,0,1,1,1,1
0.206246833,0,0,1,0,0,0
0.206416125,0,0,1,1,1,1
0.206445167,0,0,1,0,0,0
0.206614417,0,0,1,1,1,1
0.206643458,0,0,1,0,0,0
0.206812708,0,0,1,1,1,1
0.206841750,0,0,1,0,0,0
0.207011000,0,0,1,1,1,1
0.207040042,0,0,1,0,0,0
0.207209292,0,0,1,1,1,1
0.207238333,0,0,1,0,0,0
0.207407583,0,0,1,1,1,1
0.207436625,0,0,1,0,0,0
0.207605875,0,0,1,1,1,1
0.207634917,0,0,1,0,0,0
0.207804250,0,0,1,1,1,1
0.207833292,0,0,1,0,0,0
0.208002583,0,0,1,1,1,1
0.208031625,0,0,1,1,0,0
0.208031667,0,0,1,0,0,0
0.208200917,0,0,1,1,1,1
0.208230000,0,0,1,0,0,0
0.208399250,0,0,1,1,1,1
0.208428333,0,0,1,0,0,0
0.208597625,0,0,1,1,1,1
0.208626667,0,0,1,0,0,0
0.208795917,0,0,1,1,1,1
0.208824958,0,0,1,0,0,0
0.208994208,0,0,1,1,1,1
0.209023250,0,0,1,0,0,0
0.209192458,0,0,1,1,1,1
0.209221500,0,0,1,0,0,0
0.209390750,0,0,1,1,1,1
0.209419792,0,0,1,0,0,0
0.209589000,0,0,1,1,1,1
0.209618083,0,0,1,0,0,0
0.209787333,0,0,1,1,1,1
0.209816375,0,0,1,0,0,0
0.209985667,0,0,1,1,1,1
0.210014708,0,0,1,0,0,0
0.210184042,0,0,1,1,1,1
0.210213083,0,0,1,0,0,0
0.210382375,0,0,1,1,1,1
0.210411417,0,0,1,0,0,0
0.210580708,0,0,1,1,1,1
0.210609750,0,0,1,0,0,0
0.210779042,0,0,1,1,1,1
0.210808083,0,0,1,0,0,0
0.210977375,0,0,1,1,1,1
0.211006458,0,0,1,0,0,0
0.211175750,0,0,1,1,1,1
0.211204792,0,0,1,0,0,0
0.211374125,0,0,1,1,1,1
0.211403208,0,0,1,0,0,0
0.211572500,0,0,1,1,1,1
0.211601542,0,0,1,0,0,0
0.211770833,0,0,1,1,1,1
0.211799917,0,0,1,0,0,0
0.211969208,0,0,1,1,1,1
0.211998250,0,0,1,0,0,0
0.212167583,0,0,1,1,1,1
0.212196625,0,0,1,0,0,0
0.212365875,0,0,1,1,1,1
0.212394917,0,0,1,0,0,0
0.212564167,0,0,1,1,1,1
0.212593208,0,0,1,0,0,0
0.212762417,0,0,1,1,1,1
0.212791458,0,0,1,0,0,0
0.212960750,0,0,1,1,1,1
0.212989792,0,0,1,0,0,0
0.213159125,0,0,1,1,1,1
0.213188167,0,0,1,0,0,0
0.213357417,0,0,1,1,1,1
0.213386500,0,0,1,0,0,0
0.213555750,0,0,1,1,1,1
0.213584833,0,0,1,0,0,0
0.213754125,0,0,1,1,1,1
0.213783167,0,0,1,0,0,0
0.213952417,0,0,1,1,1,1
0.213981458,0,0,1,0,0,0
0.214150750,0,0,1,1,1,1
0.214179792,0,0,1,0,0,0
0.214349083,0,0,1,1,1,1
0.214378167,0,0,1,0,0,0
0.214547458,0,0,1,1,1,1
0.214576500,0,0,1,0,0,0
0.214745750,0,0,1,1,1,1
0.214774833,0,0,1,0,0,0
0.214944125,0,0,1,1,1,1
0.214973167,0,0,1,0,0,0
0.215142500,0,0,1,1,1,1
0.215171542,0,0,1,0,0,0
0.215340833,0,0,1,1,1,1
0.215369875,0,0,1,0,0,0
0.215539125,0,0,1,1,1,1
0.215568167,0,0,1,0,0,0
0.215737458,0,0,1,1,1,1
0.215766500,0,0,1,0,0,0
0.215935792,0,0,1,1,1,1
0.215964833,0,0,1,0,0,0
0.216134125,0,0,1,1,1,1
0.216163167,0,0,1,0,0,0
0.216332500,0,0,1,1,1,1
0.216361542,0,0,1,0,0,0
0.216530833,0,0,1,1,1,1
0.216559875,0,0,1,0,0,0
0.216729167,0,0,1,1,1,1
0.216758208,0,0,1,0,0,0
0.216927542,0,0,1,1,1,1
0.216956583,0,0,1,0,0,0
0.217125875,0,0,1,1,1,1
0.217154917,0,0,1,0,0,0
0.217324208,0,0,1,1,1,1
0.217353250,0,0,1,0,0,0
0.217522500,0,0,1,1,1,1
0.217551583,0,0,1,0,0,0
0.217720833,0,0,1,1,1,1
0.217749917,0,0,1,0,0,0
0.217919208,0,0,1,1,1,1
0.217948292,0,0,1,0,0,0
0.218117542,0,0,1,1,1,1
0.218146583,0,0,1,0,0,0
0.218315917,0,0,1,1,1,1
0.218344958,0,0,1,0,0,0
0.218514250,0,0,1,1,1,1
0.218543292,0,0,1,0,0,0
0.218712542,0,0,1,1,1,1
0.218741583,0,0,1,0,0,0
0.218910875,0,0,1,1,1,1
0.218939917,0,0,1,0,0,0
0.219109208,0,0,1,1,1,1
0.219138250,0,0,1,0,0,0
0.219307500,0,0,1,1,1,1
0.219336542,0,0,1,0,0,0
0.219505792,0,0,1,1,1,1
0.219534833,0,0,1,0,0,0
0.219704083,0,0,1,1,1,1
0.219733167,0,0,1,0,0,0
0.219902375,0,0,1,0,1,0
0.219902417,0,0,1,1,1,1
0.219931458,0,0,1,0,0,0
0.220100750,0,0,1,1,1,1
0.220129792,0,0,1,0,0,0
0.220299083,0,0,1,1,1,1
0.220328167,0,0,1,0,0,0
0.220497417,0,0,1,1,1,1
0.220526458,0,0,1,0,0,0
0.220695750,0,0,1,1,1,1
0.220724792,0,0,1,0,0,0
0.220894083,0,0,1,1,1,1
0.220923125,0,0,1,0,0,0
0.221092417,0,0,1,1,1,1
0.221121458,0,0,1,0,0,0
0.221290750,0,0,1,1,1,1
0.221319792,0,0,1,0,0,0
0.221489042,0,0,1,1,1,1
0.221518083,0,0,1,0,0,0
0.221687333,0,0,1,1,1,1
0.221716375,0,0,1,0,0,0
0.221885667,0,0,1,1,1,1
0.221914708,0,0,1,0,0,0
0.222083917,0,0,1,1,1,1
0.222112958,0,0,1,0,0,0
0.222282208,0,0,1,1,1,1
0.222311250,0,0,1,0,0,0
0.222480542,0,0,1,1,1,1
0.222509583,0,0,1,0,0,0
0.222678833,0,0,1,1,1,1
0.222707875,0,0,1,0,0,0
0.222877125,0,0,1,1,1,1
0.222906167,0,0,1,0,0,0
0.223075417,0,0,1,1,1,1
0.223104458,0,0,1,0,0,0
0.223273667,0,0,1,0,1,1
0.223273708,0,0,1,1,1,1
0.223302750,0,0,1,0,0,0
0.223472000,0,0,1,1,1,1
0.223501042,0,0,1,0,0,0
0.223670250,0,0,1,1,1,1
0.223699292,0,0,1,0,0,0
0.223868500,0,0,1,1,1,1
0.223897542,0,0,1,0,0,0
0.224066750,0,0,1,1,1,1
0.224095792,0,0,1,0,0,0
0.224265000,0,0,1,1,1,1
0.224294042,0,0,1,0,0,0
0.224463292,0,0,1,1,1,1
0.224492333,0,0,1,0,0,0
0.224661583,0,0,1,1,1,1
0.224690625,0,0,1,0,0,0
0.224859917,0,0,1,1,1,1
0.224888958,0,0,1,0,0,0
0.225058167,0,0,1,1,1,1
0.225087208,0,0,1,0,0,0
0.225256375,0,0,1,1,1,1
0.225285417,0,0,1,0,0,0
0.225454625,0,0,1,1,1,1
0.225483667,0,0,1,0,0,0
0.225652917,0,0,1,1,1,1
0.225682000,0,0,1,0,0,0
0.225851250,0,0,1,1,1,1
0.225880292,0,0,1,0,0,0
0.226049583,0,0,1,1,1,1
0.226078625,0,0,1,0,0,0
0.226247917,0,0,1,1,1,1
0.226277000,0,0,1,0,0,0
0.226446250,0,0,1,1,1,1
0.226475292,0,0,1,0,0,0
0.226644583,0,0,1,1,1,1
0.226673583,0,0,1,1,0,0
0.226673625,0,0,1,0,0,0
0.226842833,0,0,1,1,1,1
0.226871875,0,0,1,0,0,0
0.227041083,0,0,1,1,1,1
0.227070125,0,0,1,0,0,0
0.227239333,0,0,1,1,1,1
0.227268375,0,0,1,0,0,0
0.227437625,0,0,1,1,1,1
0.227466667,0,0,1,0,0,0
0.227635875,0,0,1,0,1,1
0.227635917,0,0,1,1,1,1
0.227664958,0,0,1,0,0,0
0.227834208,0,0,1,1,1,1
0.227863250,0,0,1,0,0,0
0.228032500,0,0,1,1,1,1
0.228061542,0,0,1,1,0,1
0.228061583,0,0,1,0,0,0
0.228230833,0,0,1,1,1,1
0.228259875,0,0,1,0,0,0
0.228429125,0,0,1,1,1,1
0.228458208,0,0,1,0,0,0
0.228627458,0,0,1,1,1,1
0.228656542,0,0,1,0,0,0
0.228825792,0,0,1,1,1,1
0.228854833,0,0,1,0,0,0
0.229024125,0,0,1,1,1,1
0.229053167,0,0,1,0,0,0
0.229222458,0,0,1,1,1,1
0.229251542,0,0,1,0,0,0
0.229420833,0,0,1,1,1,1
0.229449875,0,0,1,0,0,0
0.229619167,0,0,1,1,1,1
0.229648208,0,0,1,0,0,0
0.229817500,0,0,1,1,1,1
0.229846542,0,0,1,0,0,0
0.230015833,0,0,1,1,1,1
0.230044875,0,0,1,0,0,0
0.230214125,0,0,1,1,1,1
0.230243167,0,0,1,0,0,0
0.230412458,0,0,1,1,1,1
0.230441542,0,0,1,0,0,0
0.230610833,0,0,1,1,1,1
0.230639875,0,0,1,0,0,0
0.230809167,0,0,1,1,1,1
0.230838208,0,0,1,0,0,0
0.231007458,0,0,1,1,1,1
0.231036500,0,0,1,0,0,0
0.231205750,0,0,1,1,1,1
0.231234792,0,0,1,0,0,0
0.231404042,0,0,1,1,1,1
0.231433083,0,0,1,0,0,0
0.231602250,0,0,1,1,1,1
0.231631292,0,0,1,0,0,0
0.231800500,0,0,1,1,1,1
0.231829542,0,0,1,0,0,0
0.231998750,0,0,1,1,1,1
0.232027792,0,0,1,0,0,0
0.232197042,0,0,1,1,1,1
0.232226083,0,0,1,0,0,0
0.232395333,0,0,1,1,1,1
0.232424375,0,0,1,0,0,0
0.232593625,0,0,1,1,1,1
0.232622667,0,0,1,0,0,0
0.232791875,0,0,1,1,1,1
0.232820917,0,0,1,0,0,0
0.232990167,0,0,1,1,1,1
0.233019208,0,0,1,0,0,0
0.233188458,0,0,1,1,1,1
0.233217500,0,0,1,0,0,0
0.233386708,0,0,1,1,1,1
0.233415792,0,0,1,0,0,0
0.233585042,0,0,1,1,1,1
0.233614125,0,0,1,0,0,0
0.233783417,0,0,1,1,1,1
0.233812458,0,0,1,0,0,0
0.233981750,0,0,1,1,1,1
0.234010792,0,0,1,0,0,0
0.234180042,0,0,1,1,1,1
0.234209083,0,0,1,0,0,0
0.234378292,0,0,1,1,1,1
0.234407333,0,0,1,0,0,0
0.234576583,0,0,1,1,1,1
0.234605625,0,0,1,0,0,0
0.234774833,0,0,1,1,1,1
0.234803917,0,0,1,0,0,0
0.234973167,0,0,1,1,1,1
0.235002208,0,0,1,0,0,0
0.235171500,0,0,1,1,1,1
0.235200542,0,0,1,0,0,0
0.235369833,0,0,1,1,1,1
0.235398875,0,0,1,0,0,0
0.235568167,0,0,1,1,1,1
0.235597208,0,0,1,0,0,0
0.235766500,0,0,1,1,1,1
0.235795542,0,0,1,0,0,0
0.235964792,0,0,1,1,1,1
0.235993833,0,0,1,0,0,0
0.236163083,0,0,1,1,1,1
0.236192125,0,0,1,0,0,0
0.236361375,0,0,1,1,1,1
0.236390417,0,0,1,0,0,0
0.236559667,0,0,1,1,1,1
0.236588708,0,0,1,0,0,0
0.236757958,0,0,1,1,1,1
0.236787000,0,0,1,0,0,0
0.236956250,0,0,1,1,1,1
0.236985292,0,0,1,0,0,0
0.237154542,0,0,1,1,1,1
0.237183583,0,0,1,0,0,0
0.237352833,0,0,1,1,1,1
0.237381917,0,0,1,0,0,0
0.237551167,0,0,1,1,1,1
0.237580250,0,0,1,0,0,0
0.237749500,0,0,1,1,1,1
0.237778542,0,0,1,0,0,0
0.237947833,0,0,1,1,1,1
0.237976875,0,0,1,0,0,0
0.238146167,0,0,1,1,1,1
0.238175250,0,0,1,0,0,0
0.238344542,0,0,1,1,1,1
0.238373583,0,0,1,0,0,0
0.238542875,0,0,1,1,1,1
0.238571917,0,0,1,0,0,0
0.238741208,0,0,1,1,1,1
0.238770250,0,0,1,0,0,0
0.238939542,0,0,1,1,1,1
0.238968583,0,0,1,0,0,0
0.239137833,0,0,1,1,1,1
0.239166875,0,0,1,0,0,0
0.239336125,0,0,1,1,1,1
0.239365208,0,0,1,0,0,0
0.239534458,0,0,1,1,1,1
0.239563500,0,0,1,0,0,0
0.239732750,0,0,1,1,1,1
0.239761792,0,0,1,0,0,0
0.239931042,0,0,1,1,1,1
0.239960125,0,0,1,0,0,0
0.240129375,0,0,1,1,1,1
0.240158417,0,0,1,0,0,0
0.240327625,0,0,1,1,1,1
0.240356667,0,0,1,0,0,0
0.240525958,0,0,1,1,1,1
0.240555000,0,0,1,0,0,0
0.240724250,0,0,1,1,1,1
0.240753292,0,0,1,0,0,0
0.240922583,0,0,1,1,1,1
0.240951625,0,0,1,0,0,0
0.241120917,0,0,1,1,1,1
0.241149958,0,0,1,0,0,0
0.241319292,0,0,1,1,1,1
0.241348333,0,0,1,0,0,0
0.241517625,0,0,1,1,1,1
0.241546667,0,0,1,0,0,0
0.241715958,0,0,1,1,1,1
0.241745042,0,0,1,0,0,0
0.241914333,0,0,1,1,1,1
0.241943375,0,0,1,0,0,0
0.242112667,0,0,1,1,1,1
0.242141708,0,0,1,0,0,0
0.242310958,0,0,1,1,1,1
0.242340042,0,0,1,0,0,0
0.242509292,0,0,1,1,1,1
0.242538333,0,0,1,0,0,0
0.242707625,0,0,1,1,1,1
0.242736667,0,0,1,0,0,0
0.242905958,0,0,1,1,1,1
0.242935000,0,0,1,0,0,0
0.243104292,0,0,1,1,1,1
0.243133333,0,0,1,0,0,0
0.243302625,0,0,1,1,1,1
0.243331667,0,0,1,0,0,0
0.243500958,0,0,1,1,1,1
0.243530000,0,0,1,0,0,0
0.243699292,0,0,1,1,1,1
0.243728333,0,0,1,0,0,0
0.243897667,0,0,1,1,1,1
0.243926708,0,0,1,0,0,0
0.244096000,0,0,1,1,1,1
0.244125042,0,0,1,0,0,0
0.244294333,0,0,1,0,1,1
0.244294375,0,0,1,1,1,1
0.244323417,0,0,1,0,0,0
0.244492667,0,0,1,1,1,1
0.244521708,0,0,1,0,0,0
0.244691000,0,0,1,1,1,1
0.244720042,0,0,1,0,0,0
0.244889333,0,0,1,1,1,1
0.244918375,0,0,1,0,0,0
0.245087667,0,0,1,1,1,1
0.245116708,0,0,1,0,0,0
0.245286000,0,0,1,1,1,1
0.245315042,0,0,1,0,0,0
0.245484292,0,0,1,1,1,1
0.245513333,0,0,1,0,0,0
0.245682583,0,0,1,1,1,1
0.245711625,0,0,1,0,0,0
0.245880875,0,0,1,1,1,1
0.245909917,0,0,1,0,0,0
0.246079208,0,0,1,1,1,1
0.246108250,0,0,1,0,0,0
0.246277500,0,0,1,1,1,1
0.246306583,0,0,1,0,0,0
0.246475833,0,0,1,1,1,1
0.246504875,0,0,1,0,0,0
0.246674125,0,0,1,1,1,1
0.246703167,0,0,1,0,0,0
0.246872417,0,0,1,1,1,1
0.246901458,0,0,1,0,0,0
0.247070750,0,0,1,1,1,1
0.247099792,0,0,1,0,0,0
0.247269083,0,0,1,1,1,1
0.247298125,0,0,1,0,0,0
0.247467417,0,0,1,1,1,1
0.247496458,0,0,1,0,0,0
0.247665708,0,0,1,1,1,1
0.247694792,0,0,1,0,0,0
0.247864083,0,0,1,1,1,1
0.247893125,0,0,1,0,0,0
0.248062417,0,0,1,1,1,1
0.248091458,0,0,1,0,0,0
0.248260792,0,0,1,1,1,1
0.248289833,0,0,1,0,0,0
0.248459167,0,0,1,1,1,1
0.248488208,0,0,1,0,0,0
0.248657500,0,0,1,1,1,1
0.248686583,0,0,1,0,0,0
0.248855875,0,0,1,1,1,1
0.248884917,0,0,1,0,0,0
0.249054208,0,0,1,1,1,1
0.249083250,0,0,1,0,0,0
0.249252500,0,0,1,1,1,1
0.249281583,0,0,1,0,0,0
0.249450875,0,0,1,1,1,1
0.249479917,0,0,1,0,0,0
0.249649208,0,0,1,1,1,1
0.249678250,0,0,1,0,0,0
0.249847542,0,0,1,1,1,1
0.249876583,0,0,1,0,0,0
0.250045833,0,0,1,1,1,1
0.250074875,0,0,1,0,0,0
0.250244125,0,0,1,1,1,1
0.250273167,0,0,1,0,0,0
0.250442417,0,0,1,1,1,1
0.250471500,0,0,1,0,0,0
0.250640792,0,0,1,1,1,1
0.250669833,0,0,1,0,0,0
0.250839125,0,0,1,1,1,1
0.250868167,0,0,1,0,0,0
0.251037458,0,0,1,1,1,1
0.251066542,0,0,1,0,0,0
0.251235875,0,0,1,1,1,1
0.251264917,0,0,1,0,0,0
0.251434250,0,0,1,1,1,1
0.251463292,0,0,1,0,0,0
0.251632625,0,0,1,1,1,1
0.251661708,0,0,1,0,0,0
0.251831042,0,0,1,1,1,1
0.251860083,0,0,1,0,0,0
0.252029375,0,0,1,1,1,1
0.252058417,0,0,1,0,0,0
0.252227708,0,0,1,1,1,1
0.252256750,0,0,1,0,0,0
0.252426042,0,0,1,1,1,1
0.252455125,0,0,1,0,0,0
0.252624417,0,0,1,1,1,1
0.252653500,0,0,1,0,0,0
0.252822792,0,0,1,1,1,1
0.252851833,0,0,1,0,0,0
0.253021125,0,0,1,1,1,1
0.253050208,0,0,1,0,0,0
0.253219500,0,0,1,1,1,1
0.253248583,0,0,1,0,0,0
0.253417875,0,0,1,1,1,1
0.253446917,0,0,1,0,0,0
0.253616167,0,0,1,1,1,1
0.253645208,0,0,1,0,0,0
0.253814458,0,0,1,1,1,1
0.253843500,0,0,1,0,0,0
0.254012750,0,0,1,1,1,1
0.254041833,0,0,1,0,0,0
0.254211083,0,0,1,1,1,1
0.254240125,0,0,1,0,0,0
0.254409458,0,0,1,1,1,1
0.254438500,0,0,1,0,0,0
0.254607833,0,0,1,1,1,1
0.254636875,0,0,1,0,0,0
0.254806208,0,0,1,1,1,1
0.254835250,0,0,1,0,0,0
0.255004542,0,0,1,1,1,1
0.255033583,0,0,1,0,0,0
0.255202833,0,0,1,1,1,1
0.255231875,0,0,1,0,0,0
0.255401125,0,0,1,1,1,1
0.255430167,0,0,1,0,0,0
0.255599458,0,0,1,1,1,1
0.255628542,0,0,1,0,0,0
0.255797792,0,0,1,1,1,1
0.255826875,0,0,1,0,0,0
0.255996208,0,0,1,1,1,1
0.256025250,0,0,1,0,0,0
0.256194542,0,0,1,1,1,1
0.256223625,0,0,1,0,0,0
0.256392917,0,0,1,1,1,1
0.256421958,0,0,1,0,0,0
0.256591250,0,0,1,1,1,1
0.256620292,0,0,1,1,0,1
0.256620333,0,0,1,0,0,0
0.256789583,0,0,1,1,1,1
0.256818667,0,0,1,0,0,0
0.256987958,0,0,1,1,1,1
0.257017000,0,0,1,0,0,0
0.257186292,0,0,1,1,1,1
0.257215375,0,0,1,0,0,0
0.257384625,0,0,1,1,1,1
0.257413667,0,0,1,0,0,0
0.257582917,0,0,1,1,1,1
0.257611958,0,0,1,0,0,0
0.257781208,0,0,1,1,1,1
0.257810250,0,0,1,0,0,0
0.257979542,0,0,1,1,1,1
0.258008583,0,0,1,0,0,0
0.258177792,0,0,1,1,1,1
0.258206875,0,0,1,0,0,0
0.258376125,0,0,1,1,1,1
0.258405167,0,0,1,0,0,0
0.258574458,0,0,1,1,1,1
0.258603542,0,0,1,0,0,0
0.258772833,0,0,1,1,1,1
0.258801917,0,0,1,0,0,0
0.258971208,0,0,1,1,1,1
0.259000250,0,0,1,0,0,0
0.259169542,0,0,1,1,1,1
0.259198583,0,0,1,0,0,0
0.259367875,0,0,1,1,1,1
0.259396917,0,0,1,0,0,0
0.259566167,0,0,1,1,1,1
0.259595250,0,0,1,0,0,0
0.259764542,0,0,1,1,1,1
0.259793625,0,0,1,0,0,0
0.259962917,0,0,1,0,1,1
0.259962958,0,0,1,1,1,1
0.259992000,0,0,1,0,0,0
0.260161292,0,0,1,1,1,1
0.260190375,0,0,1,0,0,0
0.260359667,0,0,1,1,1,1
0.260388708,0,0,1,0,0,0
0.260558000,0,0,1,1,1,1
0.260587083,0,0,1,0,0,0
0.260756417,0,0,1,1,1,1
0.260785500,0,0,1,0,0,0
0.260954875,0,0,1,1,1,1
0.260983958,0,0,1,0,0,0
0.261153292,0,0,1,1,1,1
0.261182375,0,0,1,0,0,0
0.261351750,0,0,1,1,1,1
0.261380792,0,0,1,0,0,0
0.261550167,0,0,1,1,1,1
0.261579250,0,0,1,0,0,0
0.261748583,0,0,1,1,1,1
0.261777667,0,0,1,0,0,0
0.261947000,0,0,1,1,1,1
0.261976042,0,0,1,0,0,0
0.262145417,0,0,1,1,1,1
0.262174458,0,0,1,0,0,0
0.262343833,0,0,1,1,1,1
0.262372875,0,0,1,0,0,0
0.262542208,0,0,1,1,1,1
0.262571292,0,0,1,0,0,0
0.262740625,0,0,1,1,1,1
0.262769708,0,0,1,0,0,0
0.262939042,0,0,1,1,1,1
0.262968083,0,0,1,0,0,0
0.263137458,0,0,1,1,1,1
0.263166500,0,0,1,0,0,0
0.263335875,0,0,1,1,1,1
0.263364958,0,0,1,0,0,0
0.263534333,0,0,1,1,1,1
0.263563375,0,0,1,0,0,0
0.263732750,0,0,1,1,1,1
0.263761833,0,0,1,0,0,0
0.263931167,0,0,1,1,1,1
0.263960250,0,0,1,0,0,0
0.264129667,0,0,1,1,1,1
0.264158708,0,0,1,0,0,0
0.264328083,0,0,1,1,1,1
0.264357125,0,0,1,0,0,0
0.264526458,0,0,1,1,1,1
0.264555500,0,0,1,0,0,0
0.264724833,0,0,1,1,1,1
0.264753875,0,0,1,1,0,0
0.264753917,0,0,1,0,0,0
0.264923208,0,0,1,1,1,1
0.264952250,0,0,1,0,0,0
0.265121583,0,0,1,1,1,1
0.265150625,0,0,1,0,0,0
0.265319958,0,0,1,1,1,1
0.265349000,0,0,1,0,0,0
0.265518333,0,0,1,1,1,1
0.265547417,0,0,1,0,0,0
0.265716750,0,0,1,1,1,1
0.265745833,0,0,1,0,0,0
0.265915167,0,0,1,1,1,1
0.265944250,0,0,1,0,0,0
0.266113625,0,0,1,1,1,1
0.266142667,0,0,1,0,0,0
0.266312000,0,0,1,1,1,1
0.266341083,0,0,1,0,0,0
0.266510417,0,0,1,1,1,1
0.266539500,0,0,1,0,0,0
0.266708833,0,0,1,1,1,1
0.266737875,0,0,1,0,0,0
0.266907250,0,0,1,1,1,1
0.266936292,0,0,1,0,0,0
0.267105667,0,0,1,1,1,1
0.267134708,0,0,1,0,0,0
0.267304083,0,0,1,1,1,1
0.267333167,0,0,1,0,0,0
0.267502500,0,0,1,1,1,1
0.267531583,0,0,1,0,0,0
0.267700917,0,0,1,1,1,1
0.267729958,0,0,1,0,0,0
0.267899333,0,0,1,1,1,1
0.267928375,0,0,1,0,0,0
0.268097750,0,0,1,1,1,1
0.268126833,0,0,1,0,0,0
0.268296167,0,0,1,1,1,1
0.268325208,0,0,1,0,0,0
0.268494583,0,0,1,1,1,1
0.268523625,0,0,1,0,0,0
0.268692958,0,0,1,1,1,1
0.268722042,0,0,1,0,0,0
0.268891333,0,0,1,1,1,1
0.268920417,0,0,1,0,0,0
0.269089708,0,0,1,1,1,1
0.269118750,0,0,1,0,0,0
0.269288042,0,0,1,1,1,1
0.269317083,0,0,1,0,0,0
0.269486333,0,0,1,1,1,1
0.269515375,0,0,1,0,0,0
0.269684625,0,0,1,1,1,1
0.269713667,0,0,1,0,0,0
0.269882958,0,0,1,1,1,1
0.269912000,0,0,1,0,0,0
0.270081250,0,0,1,1,1,1
0.270110292,0,0,1,0,0,0
0.270279542,0,0,1,0,1,0
0.270279583,0,0,1,1,1,1
0.270308625,0,0,1,0,0,0
0.270477875,0,0,1,1,1,1
0.270506917,0,0,1,0,0,0
0.270676208,0,0,1,1,1,1
0.270705250,0,0,1,0,0,0
0.270874542,0,0,1,1,1,1
0.270903583,0,0,1,0,0,0
0.271072917,0,0,1,1,1,1
0.271101958,0,0,1,0,0,0
0.271271292,0,0,1,1,1,1
0.271300333,0,0,1,0,0,0
0.271469583,0,0,1,1,1,1
0.271498667,0,0,1,0,0,0
0.271667917,0,0,1,1,1,1
0.271696958,0,0,1,0,0,0
0.271866250,0,0,1,1,1,1
0.271895333,0,0,1,0,0,0
0.272064625,0,0,1,1,1,1
0.272093667,0,0,1,0,0,0
0.272263042,0,0,1,1,1,1
0.272292083,0,0,1,0,0,0
0.272461375,0,0,1,1,1,1
0.272490458,0,0,1,0,0,0
0.272659792,0,0,1,1,1,1
0.272688833,0,0,1,0,0,0
0.272858167,0,0,1,1,1,1
0.272887208,0,0,1,1,0,0
0.272887250,0,0,1,0,0,0
0.273056542,0,0,1,1,1,1
0.273085583,0,0,1,0,0,0
0.273254917,0,0,1,1,1,1
0.273283958,0,0,1,0,0,0
0.273453292,0,0,1,1,1,1
0.273482333,0,0,1,0,0,0
0.273651625,0,0,1,1,1,1
0.273680708,0,0,1,0,0,0
0.273850000,0,0,1,1,1,1
0.273879042,0,0,1,0,0,0
0.274048375,0,0,1,1,1,1
0.274077417,0,0,1,0,0,0
0.274246750,0,0,1,1,1,1
0.274275792,0,0,1,0,0,0
0.274445083,0,0,1,1,1,1
0.274474125,0,0,1,0,0,0
0.274643417,0,0,1,1,1,1
0.274672458,0,0,1,0,0,0
0.274841708,0,0,1,1,1,1
0.274870750,0,0,1,0,0,0
0.275040042,0,0,1,1,1,1
0.275069083,0,0,1,0,0,0
0.275238333,0,0,1,1,1,1
0.275267375,0,0,1,0,0,0
0.275436667,0,0,1,1,1,1
0.275465708,0,0,1,0,0,0
0.275635000,0,0,1,1,1,1
0.275664042,0,0,1,0,0,0
0.275833333,0,0,1,1,1,1
0.275862375,0,0,1,0,0,0
0.276031667,0,0,1,1,1,1
0.276060708,0,0,1,0,0,0
0.276230000,0,0,1,1,1,1
0.276259083,0,0,1,0,0,0
0.276428375,0,0,1,1,1,1
0.276457417,0,0,1,0,0,0
0.276626750,0,0,1,1,1,1
0.276655792,0,0,1,0,0,0
0.276825125,0,0,1,1,1,1
0.276854167,0,0,1,0,0,0
0.277023458,0,0,1,1,1,1
0.277052542,0,0,1,0,0,0
0.277221833,0,0,1,1,1,1
0.277250917,0,0,1,0,0,0
0.277420208,0,0,1,1,1,1
0.277449250,0,0,1,0,0,0
0.277618542,0,0,1,1,1,1
0.277647625,0,0,1,0,0,0
0.277816917,0,0,1,1,1,1
0.277846000,0,0,1,0,0,0
0.278015333,0,0,1,1,1,1
0.278044417,0,0,1,0,0,0
0.278213708,0,0,1,1,1,1
0.278242750,0,0,1,0,0,0
0.278412042,0,0,1,1,1,1
0.278441083,0,0,1,0,0,0
0.278610375,0,0,1,1,1,1
0.278639458,0,0,1,0,0,0
0.278808750,0,0,1,1,1,1
0.278837792,0,0,1,0,0,0
0.279007125,0,0,1,0,1,1
0.279007167,0,0,1,1,1,1
0.279036208,0,0,1,0,0,0
0.279205542,0,0,1,1,1,1
0.279234583,0,0,1,0,0,0
0.279403917,0,0,1,1,1,1
0.279433000,0,0,1,0,0,0
0.279602333,0,0,1,1,1,1
0.279631375,0,0,1,0,0,0
0.279800667,0,0,1,1,1,1
0.279829750,0,0,1,0,0,0
0.279999083,0,0,1,1,1,1
0.280028125,0,0,1,0,0,0
0.280197458,0,0,1,1,1,1
0.280226500,0,0,1,0,0,0
0.280395792,0,0,1,1,1,1
0.280424833,0,0,1,0,0,0
0.280594125,0,0,1,1,1,1
0.280623167,0,0,1,0,0,0
0.280792500,0,0,1,1,1,1
0.280821542,0,0,1,0,0,0
0.280990833,0,0,1,1,1,1
0.281019917,0,0,1,0,0,0
0.281189208,0,0,1,1,1,1
0.281218250,0,0,1,0,0,0
0.281387542,0,0,1,1,1,1
0.281416583,0,0,1,0,0,0
0.281585875,0,0,1,1,1,1
0.281614917,0,0,1,0,0,0
0.281784167,0,0,1,1,1,1
0.281813208,0,0,1,0,0,0
0.281982500,0,0,1,1,1,1
0.282011542,0,0,1,0,0,0
0.282180833,0,0,1,1,1,1
0.282209875,0,0,1,0,0,0
0.282379208,0,0,1,1,1,1
0.282408250,0,0,1,0,0,0
0.282577583,0,0,1,1,1,1
0.282606625,0,0,1,0,0,0
0.282775875,0,0,1,1,1,1
0.282804958,0,0,1,0,0,0
0.282974208,0,0,1,1,1,1
0.283003250,0,0,1,0,0,0
0.283172500,0,0,1,1,1,1
0.283201542,0,0,1,0,0,0
0.283370833,0,0,1,1,1,1
0.283399875,0,0,1,0,0,0
0.283569208,0,0,1,1,1,1
0.283598292,0,0,1,0,0,0
0.283767542,0,0,1,1,1,1
0.283796583,0,0,1,0,0,0
0.283965875,0,0,1,1,1,1
0.283994958,0,0,1,0,0,0
0.284164250,0,0,1,1,1,1
0.284193333,0,0,1,0,0,0
0.284362625,0,0,1,1,1,1
0.284391708,0,0,1,0,0,0
0.284560958,0,0,1,1,1,1
0.284590042,0,0,1,0,0,0
0.284759333,0,0,1,1,1,1
0.284788375,0,0,1,0,0,0
0.284957708,0,0,1,1,1,1
0.284986750,0,0,1,0,0,0
0.285156083,0,0,1,1,1,1
0.285185125,0,0,1,0,0,0
0.285354458,0,0,1,1,1,1
0.285383500,0,0,1,0,0,0
0.285552792,0,0,1,1,1,1
0.285581875,0,0,1,0,0,0
0.285751167,0,0,1,1,1,1
0.285780208,0,0,1,0,0,0
0.285949500,0,0,1,1,1,1
0.285978542,0,0,1,0,0,0
0.286147833,0,0,1,1,1,1
0.286176875,0,0,1,1,0,0
0.286176917,0,0,1,0,0,0
0.286346208,0,0,1,1,1,1
0.286375250,0,0,1,0,0,0
0.286544542,0,0,1,1,1,1
0.286573583,0,0,1,0,0,0
0.286742875,0,0,1,1,1,1
0.286771958,0,0,1,0,0,0
0.286941250,0,0,1,1,1,1
0.286970292,0,0,1,0,0,0
0.287139625,0,0,1,1,1,1
0.287168667,0,0,1,0,0,0
0.287338000,0,0,1,1,1,1
0.287367042,0,0,1,0,0,0
0.287536333,0,0,1,1,1,1
0.287565417,0,0,1,0,0,0
0.287734708,0,0,1,0,1,0
0.287734750,0,0,1,1,1,1
0.287763792,0,0,1,0,0,0
0.287933083,0,0,1,1,1,1
0.287962125,0,0,1,0,0,0
0.288131458,0,0,1,1,1,1
0.288160500,0,0,1,0,0,0
0.288329792,0,0,1,1,1,1
0.288358833,0,0,1,0,0,0
0.288528125,0,0,1,1,1,1
0.288557167,0,0,1,0,0,0
0.288726417,0,0,1,1,1,1
0.288755458,0,0,1,0,0,0
0.288924708,0,0,1,1,1,1
0.288953750,0,0,1,0,0,0
0.289123000,0,0,1,1,1,1
0.289152042,0,0,1,0,0,0
0.289321292,0,0,1,1,1,1
0.289350292,0,0,1,0,0,0
0.289519542,0,0,1,1,1,1
0.289548542,0,0,1,0,0,0
0.289717750,0,0,1,1,1,1
0.289746792,0,0,1,0,0,0
0.289916000,0,0,1,1,1,1
0.289945042,0,0,1,0,0,0
0.290114250,0,0,1,1,1,1
0.290143292,0,0,1,0,0,0
0.290312500,0,0,1,1,1,1
0.290341542,0,0,1,0,0,0
0.290510833,0,0,1,1,1,1
0.290539875,0,0,1,0,0,0
0.290709125,0,0,1,1,1,1
0.290738167,0,0,1,0,0,0
0.290907458,0,0,1,1,1,1
0.290936500,0,0,1,0,0,0
0.291105792,0,0,1,1,1,1
0.291134833,0,0,1,0,0,0
0.291304042,0,0,1,0,1,1
0.291304083,0,0,1,1,1,1
0.291333125,0,0,1,0,0,0
0.291502333,0,0,1,1,1,1
0.291531375,0,0,1,0,0,0
0.291700625,0,0,1,1,1,1
0.291729667,0,0,1,1,0,0
0.291729708,0,0,1,0,0,0
0.291898917,0,0,1,1,1,1
0.291927958,0,0,1,0,0,0
0.292097208,0,0,1,1,1,1
0.292126250,0,0,1,0,0,0
0.292295542,0,0,1,1,1,1
0.292324583,0,0,1,0,0,0
0.292493833,0,0,1,1,1,1
0.292522875,0,0,1,0,0,0
0.292692083,0,0,1,1,1,1
0.292721125,0,0,1,0,0,0
0.292890375,0,0,1,1,1,1
0.292919417,0,0,1,0,0,0
0.293088667,0,0,1,1,1,1
0.293117708,0,0,1,0,0,0
0.293286958,0,0,1,1,1,1
0.293316000,0,0,1,0,0,0
0.293485292,0,0,1,1,1,1
0.293514375,0,0,1,0,0,0
0.293683667,0,0,1,1,1,1
0.293712708,0,0,1,0,0,0
0.293882000,0,0,1,1,1,1
0.293911042,0,0,1,0,0,0
0.294080375,0,0,1,1,1,1
0.294109417,0,0,1,0,0,0
0.294278708,0,0,1,1,1,1
0.294307750,0,0,1,0,0,0
0.294477042,0,0,1,1,1,1
0.294506125,0,0,1,0,0,0
0.294675375,0,0,1,0,1,0
0.294675417,0,0,1,1,1,1
0.294704458,0,0,1,0,0,0
0.294873750,0,0,1,1,1,1
0.294902792,0,0,1,0,0,0
0.295072083,0,0,1,1,1,1
0.295101125,0,0,1,0,0,0
0.295270417,0,0,1,1,1,1
0.295299458,0,0,1,0,0,0
0.295468708,0,0,1,1,1,1
0.295497750,0,0,1,0,0,0
0.295667042,0,0,1,1,1,1
0.295696083,0,0,1,0,0,0
0.295865333,0,0,1,1,1,1
0.295894417,0,0,1,0,0,0
0.296063667,0,0,1,1,1,1
0.296092708,0,0,1,0,0,0
0.296262042,0,0,1,1,1,1
0.296291083,0,0,1,0,0,0
0.296460417,0,0,1,1,1,1
0.296489458,0,0,1,0,0,0
0.296658750,0,0,1,1,1,1
0.296687792,0,0,1,0,0,0
0.296857083,0,0,1,1,1,1
0.296886125,0,0,1,0,0,0
0.297055375,0,0,1,1,1,1
0.297084417,0,0,1,0,0,0
0.297253708,0,0,1,1,1,1
0.297282750,0,0,1,0,0,0
0.297452042,0,0,1,1,1,1
0.297481083,0,0,1,0,0,0
0.297650375,0,0,1,1,1,1
0.297679458,0,0,1,0,0,0
0.297848750,0,0,1,1,1,1
0.297877792,0,0,1,0,0,0
0.298047125,0,0,1,1,1,1
0.298076167,0,0,1,0,0,0
0.298245458,0,0,1,1,1,1
0.298274500,0,0,1,0,0,0
0.298443750,0,0,1,1,1,1
0.298472792,0,0,1,0,0,0
0.298642042,0,0,1,1,1,1
0.298671125,0,0,1,0,0,0
0.298840375,0,0,1,1,1,1
0.298869417,0,0,1,0,0,0
0.299038625,0,0,1,1,1,1
0.299067667,0,0,1,0,0,0
0.299236917,0,0,1,1,1,1
0.299265958,0,0,1,0,0,0
0.299435208,0,0,1,1,1,1
0.299464250,0,0,1,0,0,0
0.299633542,0,0,1,1,1,1
0.299662583,0,0,1,0,0,0
0.299831875,0,0,1,1,1,1
0.299860917,0,0,1,0,0,0
0.300030208,0,0,1,1,1,1
0.300059250,0,0,1,0,0,0
0.300228583,0,0,1,1,1,1
0.300257625,0,0,1,0,0,0
0.300426917,0,0,1,1,1,1
0.300455958,0,0,1,0,0,0
0.300625208,0,0,1,1,1,1
0.300654250,0,0,1,1,0,0
0.300654292,0,0,1,0,0,0
0.300823542,0,0,1,1,1,1
0.300852583,0,0,1,0,0,0
0.301021833,0,0,1,1,1,1
0.301050917,0,0,1,0,0,0
0.301220208,0,0,1,1,1,1
0.301249250,0,0,1,0,0,0
0.301418583,0,0,1,1,1,1
0.301447625,0,0,1,0,0,0
0.301616958,0,0,1,1,1,1
0.301646000,0,0,1,0,0,0
0.301815333,0,0,1,1,1,1
0.301844417,0,0,1,0,0,0
0.302013750,0,0,1,1,1,1
0.302042833,0,0,1,0,0,0
0.302212125,0,0,1,1,1,1
0.302241167,0,0,1,0,0,0
0.302410458,0,0,1,1,1,1
0.302439500,0,0,1,0,0,0
0.302608750,0,0,1,1,1,1
0.302637792,0,0,1,0,0,0
0.302807042,0,0,1,1,1,1
0.302836083,0,0,1,0,0,0
0.303005333,0,0,1,1,1,1
0.303034375,0,0,1,0,0,0
0.303203625,0,0,1,0,1,0
0.303203667,0,0,1,1,1,1
0.303232708,0,0,1,0,0,0
0.303401958,0,0,1,1,1,1
0.303431000,0,0,1,0,0,0
0.303600292,0,0,1,1,1,1
0.303629333,0,0,1,0,0,0
0.303798583,0,0,1,1,1,1
0.303827625,0,0,1,0,0,0
0.303996875,0,0,1,1,1,1
0.304025917,0,0,1,0,0,0
0.304195167,0,0,1,1,1,1
0.304224208,0,0,1,0,0,0
0.304393458,0,0,1,1,1,1
0.304422542,0,0,1,0,0,0
0.304591792,0,0,1,1,1,1
0.304620833,0,0,1,0,0,0
0.304790083,0,0,1,1,1,1
0.304819167,0,0,1,0,0,0
0.304988417,0,0,1,1,1,1
0.305017458,0,0,1,0,0,0
0.305186708,0,0,1,1,1,1
0.305215750,0,0,1,0,0,0
0.305385000,0,0,1,1,1,1
0.305414042,0,0,1,0,0,0
0.305583292,0,0,1,1,1,1
0.305612333,0,0,1,0,0,0
0.305781583,0,0,1,1,1,1
0.305810583,0,0,1,0,0,0
0.305979833,0,0,1,1,1,1
0.306008875,0,0,1,0,0,0
0.306178125,0,0,1,1,1,1
0.306207167,0,0,1,0,0,0
0.306376417,0,0,1,1,1,1
0.306405458,0,0,1,0,0,0
0.306574667,0,0,1,1,1,1
0.306603708,0,0,1,0,0,0
0.306772958,0,0,1,1,1,1
0.306802000,0,0,1,0,0,0
0.306971250,0,0,1,1,1,1
0.307000292,0,0,1,0,0,0
0.307169542,0,0,1,1,1,1
0.307198583,0,0,1,0,0,0
0.307367833,0,0,1,1,1,1
0.307396875,0,0,1,0,0,0
0.307566125,0,0,1,1,1,1
0.307595167,0,0,1,0,0,0
0.307764417,0,0,1,1,1,1
0.307793458,0,0,1,0,0,0
0.307962750,0,0,1,1,1,1
0.307991792,0,0,1,0,0,0
0.308161083,0,0,1,1,1,1
0.308190125,0,0,1,0,0,0
0.308359417,0,0,1,1,1,1
0.308388458,0,0,1,0,0,0
0.308557708,0,0,1,1,1,1
0.308586750,0,0,1,0,0,0
0.308756000,0,0,1,1,1,1
0.308785042,0,0,1,0,0,0
0.308954292,0,0,1,1,1,1
0.308983333,0,0,1,0,0,0
0.309152583,0,0,1,1,1,1
0.309181667,0,0,1,0,0,0
0.309350917,0,0,1,1,1,1
0.309380000,0,0,1,0,0,0
0.309549250,0,0,1,1,1,1
0.309578292,0,0,1,0,0,0
0.309747542,0,0,1,1,1,1
0.309776583,0,0,1,0,0,0
0.309945875,0,0,1,1,1,1
0.309974917,0,0,1,0,0,0
0.310144167,0,0,1,1,1,1
0.310173208,0,0,1,1,0,0
0.310173250,0,0,1,0,0,0
0.310342500,0,0,1,1,1,1
0.310371542,0,0,1,0,0,0
0.310540833,0,0,1,1,1,1
0.310569875,0,0,1,0,0,0
0.310739167,0,0,1,1,1,1
0.310768208,0,0,1,0,0,0
0.310937542,0,0,1,1,1,1
0.310966583,0,0,1,0,0,0
0.311135875,0,0,1,1,1,1
0.311164917,0,0,1,0,0,0
0.311334208,0,0,1,1,1,1
0.311363292,0,0,1,0,0,0
0.311532542,0,0,1,1,1,1
0.311561583,0,0,1,0,0,0
0.311730917,0,0,1,1,1,1
0.311759958,0,0,1,0,0,0
0.311929292,0,0,1,1,1,1
0.311958333,0,0,1,0,0,0
0.312127625,0,0,1,1,1,1
0.312156708,0,0,1,0,0,0
0.312326000,0,0,1,1,1,1
0.312355042,0,0,1,0,0,0
0.312524333,0,0,1,1,1,1
0.312553417,0,0,1,0,0,0
0.312722708,0,0,1,1,1,1
0.312751792,0,0,1,0,0,0
0.312921083,0,0,1,1,1,1
0.312950167,0,0,1,0,0,0
0.313119458,0,0,1,1,1,1
0.313148500,0,0,1,0,0,0
0.313317875,0,0,1,1,1,1
0.313346917,0,0,1,0,0,0
0.313516208,0,0,1,1,1,1
0.313545250,0,0,1,0,0,0
0.313714542,0,0,1,1,1,1
0.313743583,0,0,1,0,0,0
0.313912917,0,0,1,1,1,1
0.313941958,0,0,1,0,0,0
0.314111250,0,0,1,1,1,1
0.314140292,0,0,1,0,0,0
0.314309542,0,0,1,1,1,1
0.314338583,0,0,1,0,0,0
0.314507833,0,0,1,1,1,1
0.314536917,0,0,1,0,0,0
0.314706167,0,0,1,1,1,1
0.314735208,0,0,1,0,0,0
0.314904458,0,0,1,1,1,1
0.314933500,0,0,1,0,0,0
0.315102750,0,0,1,1,1,1
0.315131792,0,0,1,0,0,0
0.315301042,0,0,1,1,1,1
0.315330083,0,0,1,0,0,0
0.315499333,0,0,1,1,1,1
0.315528375,0,0,1,0,0,0
0.315697625,0,0,1,1,1,1
0.315726667,0,0,1,0,0,0
0.315895917,0,0,1,1,1,1
0.315924958,0,0,1,0,0,0
0.316094208,0,0,1,1,1,1
0.316123250,0,0,1,1,0,0
0.316123292,0,0,1,0,0,0
0.316292542,0,0,1,1,1,1
0.316321583,0,0,1,0,0,0
0.316490833,0,0,1,0,1,1
0.316490875,0,0,1,1,1,1
0.316519917,0,0,1,0,0,0
0.316689167,0,0,1,1,1,1
0.316718208,0,0,1,0,0,0
0.316887458,0,0,1,1,1,1
0.316916500,0,0,1,0,0,0
0.317085750,0,0,1,1,1,1
0.317114792,0,0,1,0,0,0
0.317284083,0,0,1,1,1,1
0.317313125,0,0,1,0,0,0
0.317482375,0,0,1,1,1,1
0.317511417,0,0,1,0,0,0
0.317680708,0,0,1,1,1,1
0.317709750,0,0,1,0,0,0
0.317878958,0,0,1,1,1,1
0.317908000,0,0,1,0,0,0
0.318077250,0,0,1,1,1,1
0.318106292,0,0,1,0,0,0
0.318275542,0,0,1,1,1,1
0.318304583,0,0,1,0,0,0
0.318473792,0,0,1,1,1,1
0.318502833,0,0,1,0,0,0
0.318672083,0,0,1,1,1,1
0.318701125,0,0,1,0,0,0
0.318870375,0,0,1,1,1,1
0.318899417,0,0,1,0,0,0
0.319068625,0,0,1,1,1,1
0.319097667,0,0,1,0,0,0
0.319266917,0,0,1,1,1,1
0.319295958,0,0,1,0,0,0
0.319465208,0,0,1,1,1,1
0.319494292,0,0,1,0,0,0
0.319663583,0,0,1,1,1,1
0.319692625,0,0,1,0,0,0
0.319861958,0,0,1,1,1,1
0.319891000,0,0,1,0,0,0
0.320060292,0,0,1,1,1,1
0.320089333,0,0,1,1,0,0
0.320089375,0,0,1,0,0,0
0.320258625,0,0,1,1,1,1
0.320287708,0,0,1,0,0,0
0.320456958,0,0,1,1,1,1
0.320486000,0,0,1,0,0,0
0.320655292,0,0,1,1,1,1
0.320684333,0,0,1,0,0,0
0.320853625,0,0,1,1,1,1
0.320882667,0,0,1,0,0,0
0.321051958,0,0,1,1,1,1
0.321081042,0,0,1,0,0,0
0.321250292,0,0,1,1,1,1
0.321279333,0,0,1,0,0,0
0.321448625,0,0,1,1,1,1
0.321477667,0,0,1,0,0,0
0.321646917,0,0,1,1,1,1
0.321675958,0,0,1,0,0,0
0.321845250,0,0,1,1,1,1
0.321874292,0,0,1,0,0,0
0.322043583,0,0,1,1,1,1
0.322072667,0,0,1,0,0,0
0.322241917,0,0,1,1,1,1
0.322271000,0,0,1,0,0,0
0.322440250,0,0,1,1,1,1
0.322469292,0,0,1,0,0,0
0.322638583,0,0,1,1,1,1
0.322667625,0,0,1,0,0,0
0.322836875,0,0,1,1,1,1
0.322865917,0,0,1,0,0,0
0.323035208,0,0,1,1,1,1
0.323064250,0,0,1,0,0,0
0.323233583,0,0,1,1,1,1
0.323262625,0,0,1,0,0,0
0.323431875,0,0,1,1,1,1
0.323460917,0,0,1,0,0,0
0.323630208,0,0,1,1,1,1
0.323659250,0,0,1,0,0,0
0.323828500,0,0,1,1,1,1
0.323857542,0,0,1,0,0,0
0.324026792,0,0,1,1,1,1
0.324055875,0,0,1,0,0,0
0.324225125,0,0,1,1,1,1
0.324254167,0,0,1,0,0,0
0.324423458,0,0,1,1,1,1
0.324452500,0,0,1,0,0,0
0.324621792,0,0,1,1,1,1
0.324650833,0,0,1,0,0,0
0.324820083,0,0,1,1,1,1
0.324849125,0,0,1,0,0,0
0.325018417,0,0,1,1,1,1
0.325047458,0,0,1,0,0,0
0.325216750,0,0,1,1,1,1
0.325245792,0,0,1,0,0,0
0.325415083,0,0,1,1,1,1
0.325444125,0,0,1,0,0,0
0.325613417,0,0,1,1,1,1
0.325642458,0,0,1,1,0,1
0.325642500,0,0,1,0,0,0
0.325811750,0,0,1,1,1,1
0.325840833,0,0,1,0,0,0
0.326010083,0,0,1,1,1,1
0.326039167,0,0,1,0,0,0
0.326208417,0,0,1,1,1,1
0.326237500,0,0,1,0,0,0
0.326406833,0,0,1,1,1,1
0.326435875,0,0,1,0,0,0
0.326605167,0,0,1,1,1,1
0.326634208,0,0,1,0,0,0
0.326803542,0,0,1,1,1,1
0.326832583,0,0,1,0,0,0
0.327001875,0,0,1,1,1,1
0.327030917,0,0,1,0,0,0
0.327200208,0,0,1,1,1,1
0.327229250,0,0,1,0,0,0
0.327398542,0,0,1,1,1,1
0.327427583,0,0,1,0,0,0
0.327596875,0,0,1,1,1,1
0.327625917,0,0,1,0,0,0
0.327795208,0,0,1,1,1,1
0.327824250,0,0,1,0,0,0
0.327993542,0,0,1,1,1,1
0.328022583,0,0,1,0,0,0
0.328191875,0,0,1,1,1,1
0.328220917,0,0,1,0,0,0
0.328390208,0,0,1,1,1,1
0.328419250,0,0,1,0,0,0
0.328588542,0,0,1,1,1,1
0.328617583,0,0,1,0,0,0
0.328786833,0,0,1,1,1,1
0.328815875,0,0,1,0,0,0
0.328985167,0,0,1,1,1,1
0.329014250,0,0,1,0,0,0
0.329183500,0,0,1,1,1,1
0.329212542,0,0,1,0,0,0
0.329381833,0,0,1,1,1,1
0.329410875,0,0,1,0,0,0
0.329580083,0,0,1,1,1,1
0.329609125,0,0,1,0,0,0
0.329778375,0,0,1,1,1,1
0.329807417,0,0,1,0,0,0
0.329976625,0,0,1,1,1,1
0.330005667,0,0,1,0,0,0
0.330174875,0,0,1,1,1,1
0.330203917,0,0,1,0,0,0
0.330373125,0,0,1,1,1,1
0.330402167,0,0,1,0,0,0
0.330571375,0,0,1,1,1,1
0.330600417,0,0,1,0,0,0
0.330769625,0,0,1,0,1,0
0.330769667,0,0,1,1,1,1
0.330798667,0,0,1,0,0,0
0.330967917,0,0,1,1,1,1
0.330996958,0,0,1,0,0,0
0.331166208,0,0,1,1,1,1
0.331195250,0,0,1,0,0,0
0.331364458,0,0,1,0,1,0
0.331364500,0,0,1,1,1,1
0.331393542,0,0,1,0,0,0
0.331562750,0,0,1,1,1,1
0.331591792,0,0,1,0,0,0
0.331761042,0,0,1,1,1,1
0.331790083,0,0,1,0,0,0
0.331959333,0,0,1,1,1,1
0.331988333,0,0,1,1,0,0
0.331988375,0,0,1,0,0,0
0.332157625,0,0,1,1,1,1
0.332186667,0,0,1,0,0,0
0.332355958,0,0,1,1,1,1
0.332385000,0,0,1,0,0,0
0.332554292,0,0,1,1,1,1
0.332583333,0,0,1,0,0,0
0.332752625,0,0,1,1,1,1
0.332781667,0,0,1,0,0,0
0.332950917,0,0,1,1,1,1
0.332979958,0,0,1,0,0,0
0.333149208,0,0,1,1,1,1
0.333178250,0,0,1,0,0,0
0.333347500,0,0,1,1,1,1
0.333376542,0,0,1,0,0,0
0.333545792,0,0,1,1,1,1
0.333574833,0,0,1,0,0,0
0.333744125,0,0,1,1,1,1
0.333773167,0,0,1,0,0,0
0.333942417,0,0,1,1,1,1
0.333971458,0,0,1,0,0,0
0.334140708,0,0,1,0,1,0
0.334140750,0,0,1,1,1,1
0.334169792,0,0,1,0,0,0
0.334339042,0,0,1,1,1,1
0.334368083,0,0,1,0,0,0
0.334537375,0,0,1,1,1,1
0.334566417,0,0,1,0,0,0
0.334735708,0,0,1,1,1,1
0.334764750,0,0,1,0,0,0
0.334934042,0,0,1,1,1,1
0.334963083,0,0,1,0,0,0
0.335132375,0,0,1,1,1,1
0.335161417,0,0,1,0,0,0
0.335330750,0,0,1,1,1,1
0.335359792,0,0,1,1,0,0
0.335359833,0,0,1,0,0,0
0.335529125,0,0,1,1,1,1
0.335558167,0,0,1,0,0,0
0.335727500,0,0,1,1,1,1
0.335756583,0,0,1,0,0,0
0.335925917,0,0,1,1,1,1
0.335954958,0,0,1,0,0,0
0.336124250,0,0,1,1,1,1
0.336153333,0,0,1,0,0,0
0.336322625,0,0,1,1,1,1
0.336351667,0,0,1,0,0,0
0.336521000,0,0,1,1,1,1
0.336550042,0,0,1,0,0,0
0.336719333,0,0,1,1,1,1
0.336748417,0,0,1,0,0,0
0.336917708,0,0,1,1,1,1
0.336946792,0,0,1,0,0,0
0.337116125,0,0,1,1,1,1
0.337145167,0,0,1,0,0,0
0.337314458,0,0,1,1,1,1
0.337343500,0,0,1,0,0,0
0.337512792,0,0,1,1,1,1
0.337541833,0,0,1,0,0,0
0.337711167,0,0,1,1,1,1
0.337740208,0,0,1,0,0,0
0.337909500,0,0,1,1,1,1
0.337938542,0,0,1,0,0,0
0.338107792,0,0,1,1,1,1
0.338136875,0,0,1,0,0,0
0.338306125,0,0,1,1,1,1
0.338335167,0,0,1,0,0,0
0.338504417,0,0,1,1,1,1
0.338533458,0,0,1,0,0,0
0.338702750,0,0,1,1,1,1
0.338731833,0,0,1,0,0,0
0.338901125,0,0,1,1,1,1
0.338930167,0,0,1,0,0,0
0.339099458,0,0,1,1,1,1
0.339128500,0,0,1,0,0,0
0.339297750,0,0,1,1,1,1
0.339326792,0,0,1,0,0,0
0.339496042,0,0,1,1,1,1
0.339525083,0,0,1,0,0,0
0.339694375,0,0,1,1,1,1
0.339723417,0,0,1,0,0,0
0.339892708,0,0,1,1,1,1
0.339921750,0,0,1,0,0,0
0.340091042,0,0,1,1,1,1
0.340120083,0,0,1,0,0,0
0.340289417,0,0,1,1,1,1
0.340318458,0,0,1,0,0,0
0.340487750,0,0,1,1,1,1
0.340516792,0,0,1,0,0,0
0.340686083,0,0,1,1,1,1
0.340715125,0,0,1,0,0,0
0.340884417,0,0,1,1,1,1
0.340913458,0,0,1,0,0,0
0.341082792,0,0,1,1,1,1
0.341111875,0,0,1,0,0,0
0.341281167,0,0,1,1,1,1
0.341310250,0,0,1,0,0,0
0.341479542,0,0,1,1,1,1
0.341508583,0,0,1,0,0,0
0.341677833,0,0,1,1,1,1
0.341706917,0,0,1,0,0,0
0.341876167,0,0,1,1,1,1
0.341905250,0,0,1,0,0,0
0.342074500,0,0,1,1,1,1
0.342103583,0,0,1,0,0,0
0.342272917,0,0,1,1,1,1
0.342301958,0,0,1,0,0,0
0.342471250,0,0,1,1,1,1
0.342500292,0,0,1,0,0,0
0.342669542,0,0,1,1,1,1
0.342698583,0,0,1,0,0,0
0.342867792,0,0,1,1,1,1
0.342896833,0,0,1,0,0,0
0.343066125,0,0,1,1,1,1
0.343095167,0,0,1,0,0,0
0.343264417,0,0,1,1,1,1
0.343293458,0,0,1,0,0,0
0.343462667,0,0,1,1,1,1
0.343491708,0,0,1,0,0,0
0.343660958,0,0,1,1,1,1
0.343690000,0,0,1,0,0,0
0.343859250,0,0,1,1,1,1
0.343888292,0,0,1,0,0,0
0.344057500,0,0,1,1,1,1
0.344086542,0,0,1,0,0,0
0.344255750,0,0,1,1,1,1
0.344284792,0,0,1,0,0,0
0.344454042,0,0,1,1,1,1
0.344483083,0,0,1,1,0,0
0.344483125,0,0,1,0,0,0
0.344652375,0,0,1,1,1,1
0.344681417,0,0,1,0,0,0
0.344850708,0,0,1,0,1,0
0.344850750,0,0,1,1,1,1
0.344879792,0,0,1,0,0,0
0.345049083,0,0,1,1,1,1
0.345078167,0,0,1,0,0,0
0.345247458,0,0,1,0,1,1
0.345247500,0,0,1,1,1,1
0.345276542,0,0,1,0,0,0
0.345445833,0,0,1,1,1,1
0.345474875,0,0,1,0,0,0
0.345644208,0,0,1,1,1,1
0.345673250,0,0,1,0,0,0
0.345842542,0,0,1,1,1,1
0.345871625,0,0,1,0,0,0
0.346040917,0,0,1,1,1,1
0.346069958,0,0,1,0,0,0
0.346239208,0,0,1,0,1,0
0.346239250,0,0,1,1,1,1
0.346268292,0,0,1,0,0,0
0.346437583,0,0,1,1,1,1
0.346466667,0,0,1,0,0,0
0.346635917,0,0,1,1,1,1
0.346665000,0,0,1,0,0,0
0.346834250,0,0,1,1,1,1
0.346863292,0,0,1,0,0,0
0.347032583,0,0,1,1,1,1
0.347061625,0,0,1,0,0,0
0.347230917,0,0,1,1,1,1
0.347259958,0,0,1,0,0,0
0.347429250,0,0,1,1,1,1
0.347458292,0,0,1,0,0,0
0.347627583,0,0,1,1,1,1
0.347656625,0,0,1,0,0,0
0.347825875,0,0,1,1,1,1
0.347854958,0,0,1,0,0,0
0.348024208,0,0,1,1,1,1
0.348053292,0,0,1,0,0,0
0.348222583,0,0,1,1,1,1
0.348251625,0,0,1,0,0,0
0.348420917,0,0,1,1,1,1
0.348449958,0,0,1,0,0,0
0.348619250,0,0,1,1,1,1
0.348648333,0,0,1,0,0,0
0.348817583,0,0,1,1,1,1
0.348846625,0,0,1,0,0,0
0.349015917,0,0,1,1,1,1
0.349044958,0,0,1,0,0,0
0.349214208,0,0,1,1,1,1
0.349243292,0,0,1,0,0,0
0.349412542,0,0,1,1,1,1
0.349441583,0,0,1,0,0,0
0.349610875,0,0,1,1,1,1
0.349639917,0,0,1,0,0,0
0.349809208,0,0,1,1,1,1
0.349838292,0,0,1,0,0,0
0.350007583,0,0,1,1,1,1
0.350036667,0,0,1,0,0,0
0.350205958,0,0,1,1,1,1
0.350235042,0,0,1,0,0,0
0.350404333,0,0,1,1,1,1
0.350433375,0,0,1,0,0,0
0.350602667,0,0,1,1,1,1
0.350631708,0,0,1,0,0,0
0.350801000,0,0,1,1,1,1
0.350830042,0,0,1,0,0,0
0.350999292,0,0,1,1,1,1
0.351028375,0,0,1,0,0,0
0.351197667,0,0,1,1,1,1
0.351226708,0,0,1,0,0,0
0.351395958,0,0,1,1,1,1
0.351425000,0,0,1,0,0,0
0.351594250,0,0,1,1,1,1
0.351623292,0,0,1,0,0,0
0.351792542,0,0,1,1,1,1
0.351821583,0,0,1,0,0,0
0.351990833,0,0,1,1,1,1
0.352019875,0,0,1,0,0,0
0.352189167,0,0,1,1,1,1
0.352218208,0,0,1,0,0,0
0.352387417,0,0,1,1,1,1
0.352416458,0,0,1,1,0,0
0.352416500,0,0,1,0,0,0
0.352585750,0,0,1,1,1,1
0.352614792,0,0,1,0,0,0
0.352784083,0,0,1,1,1,1
0.352813125,0,0,1,0,0,0
0.352982417,0,0,1,1,1,1
0.353011458,0,0,1,0,0,0
0.353180750,0,0,1,1,1,1
0.353209792,0,0,1,0,0,0
0.353379042,0,0,1,1,1,1
0.353408083,0,0,1,0,0,0
0.353577375,0,0,1,1,1,1
0.353606417,0,0,1,0,0,0
0.353775708,0,0,1,1,1,1
0.353804750,0,0,1,0,0,0
0.353974042,0,0,1,1,1,1
0.354003083,0,0,1,0,0,0
0.354172333,0,0,1,1,1,1
0.354201375,0,0,1,0,0,0
0.354370625,0,0,1,1,1,1
0.354399667,0,0,1,0,0,0
0.354568917,0,0,1,1,1,1
0.354597958,0,0,1,0,0,0
0.354767208,0,0,1,1,1,1
0.354796250,0,0,1,0,0,0
0.354965542,0,0,1,1,1,1
0.354994583,0,0,1,0,0,0
0.355163875,0,0,1,1,1,1
0.355192917,0,0,1,0,0,0
0.355362208,0,0,1,1,1,1
0.355391292,0,0,1,0,0,0
0.355560542,0,0,1,1,1,1
0.355589583,0,0,1,0,0,0
0.355758875,0,0,1,1,1,1
0.355787917,0,0,1,0,0,0
0.355957208,0,0,1,1,1,1
0.355986250,0,0,1,0,0,0
0.356155500,0,0,1,1,1,1
0.356184542,0,0,1,0,0,0
0.356353875,0,0,1,1,1,1
0.356382917,0,0,1,0,0,0
0.356552250,0,0,1,1,1,1
0.356581333,0,0,1,0,0,0
0.356750583,0,0,1,1,1,1
0.356779625,0,0,1,0,0,0
0.356948875,0,0,1,1,1,1
0.356977917,0,0,1,0,0,0
0.357147167,0,0,1,1,1,1
0.357176208,0,0,1,0,0,0
0.357345417,0,0,1,1,1,1
0.357374458,0,0,1,1,0,0
0.357374500,0,0,1,0,0,0
0.357543750,0,0,1,1,1,1
0.357572792,0,0,1,0,0,0
0.357742125,0,0,1,1,1,1
0.357771167,0,0,1,0,0,0
0.357940458,0,0,1,1,1,1
0.357969500,0,0,1,0,0,0
0.358138792,0,0,1,1,1,1
0.358167833,0,0,1,0,0,0
0.358337125,0,0,1,1,1,1
0.358366167,0,0,1,0,0,0
0.358535417,0,0,1,1,1,1
0.358564500,0,0,1,0,0,0
0.358733750,0,0,1,1,1,1
0.358762792,0,0,1,0,0,0
0.358932083,0,0,1,1,1,1
0.358961125,0,0,1,0,0,0
0.359130417,0,0,1,1,1,1
0.359159500,0,0,1,0,0,0
0.359328792,0,0,1,1,1,1
0.359357833,0,0,1,0,0,0
0.359527083,0,0,1,1,1,1
0.359556125,0,0,1,0,0,0
0.359725375,0,0,1,1,1,1
0.359754417,0,0,1,0,0,0
0.359923667,0,0,1,1,1,1
0.359952708,0,0,1,0,0,0
0.360121958,0,0,1,1,1,1
0.360150958,0,0,1,0,0,0
0.360320208,0,0,1,1,1,1
0.360349250,0,0,1,0,0,0
0.360518500,0,0,1,1,1,1
0.360547542,0,0,1,0,0,0
0.360716792,0,0,1,1,1,1
0.360745833,0,0,1,0,0,0
0.360915083,0,0,1,1,1,1
0.360944167,0,0,1,0,0,0
0.361113375,0,0,1,1,1,1
0.361142417,0,0,1,0,0,0
0.361311667,0,0,1,1,1,1
0.361340750,0,0,1,0,0,0
0.361510000,0,0,1,1,1,1
0.361539042,0,0,1,0,0,0
0.361708333,0,0,1,1,1,1
0.361737375,0,0,1,0,0,0
0.361906667,0,0,1,1,1,1
0.361935750,0,0,1,0,0,0
0.362105000,0,0,1,1,1,1
0.362134083,0,0,1,0,0,0
0.362303375,0,0,1,1,1,1
0.362332458,0,0,1,0,0,0
0.362501792,0,0,1,1,1,1
0.362530833,0,0,1,0,0,0
0.362700167,0,0,1,1,1,1
0.362729208,0,0,1,0,0,0
0.362898542,0,0,1,1,1,1
0.362927583,0,0,1,0,0,0
0.363096875,0,0,1,1,1,1
0.363125917,0,0,1,0,0,0
0.363295167,0,0,1,1,1,1
0.363324250,0,0,1,0,0,0
0.363493500,0,0,1,1,1,1
0.363522542,0,0,1,0,0,0
0.363691833,0,0,1,1,1,1
0.363720875,0,0,1,0,0,0
0.363890125,0,0,1,1,1,1
0.363919167,0,0,1,1,0,0
0.363919208,0,0,1,0,0,0
0.364088458,0,0,1,1,1,1
0.364117500,0,0,1,0,0,0
0.364286750,0,0,1,1,1,1
0.364315792,0,0,1,0,0,0
0.364485042,0,0,1,1,1,1
0.364514083,0,0,1,0,0,0
0.364683333,0,0,1,1,1,1
0.364712417,0,0,1,0,0,0
0.364881667,0,0,1,1,1,1
0.364910708,0,0,1,0,0,0
0.365080000,0,0,1,1,1,1
0.365109083,0,0,1,0,0,0
0.365278333,0,0,1,0,1,1
0.365278375,0,0,1,1,1,1
0.365307417,0,0,1,0,0,0
0.365476667,0,0,1,1,1,1
0.365505708,0,0,1,0,0,0
0.365675000,0,0,1,1,1,1
0.365704042,0,0,1,0,0,0
0.365873333,0,0,1,1,1,1
0.365902375,0,0,1,0,0,0
0.366071625,0,0,1,1,1,1
0.366100667,0,0,1,0,0,0
0.366269917,0,0,1,1,1,1
0.366298958,0,0,1,0,0,0
0.366468208,0,0,1,1,1,1
0.366497250,0,0,1,0,0,0
0.366666500,0,0,1,1,1,1
0.366695542,0,0,1,0,0,0
0.366864792,0,0,1,1,1,1
0.366893833,0,0,1,0,0,0
0.367063125,0,0,1,1,1,1
0.367092167,0,0,1,0,0,0
0.367261417,0,0,1,1,1,1
0.367290458,0,0,1,0,0,0
0.367459750,0,0,1,1,1,1
0.367488792,0,0,1,0,0,0
0.367658083,0,0,1,1,1,1
0.367687125,0,0,1,0,0,0
0.367856333,0,0,1,1,1,1
0.367885375,0,0,1,0,0,0
0.368054625,0,0,1,1,1,1
0.368083667,0,0,1,0,0,0
0.368252917,0,0,1,1,1,1
0.368281958,0,0,1,0,0,0
0.368451208,0,0,1,1,1,1
0.368480250,0,0,1,0,0,0
0.368649500,0,0,1,1,1,1
0.368678542,0,0,1,0,0,0
0.368847792,0,0,1,1,1,1
0.368876833,0,0,1,0,0,0
0.369046083,0,0,1,1,1,1
0.369075125,0,0,1,0,0,0
0.369244375,0,0,1,1,1,1
0.369273417,0,0,1,0,0,0
0.369442667,0,0,1,1,1,1
0.369471708,0,0,1,0,0,0
0.369640958,0,0,1,1,1,1
0.369670042,0,0,1,0,0,0
0.369839292,0,0,1,1,1,1
0.369868333,0,0,1,0,0,0
0.370037583,0,0,1,1,1,1
0.370066625,0,0,1,0,0,0
0.370235875,0,0,1,1,1,1
0.370264917,0,0,1,0,0,0
0.370434167,0,0,1,1,1,1
0.370463208,0,0,1,0,0,0
0.370632458,0,0,1,1,1,1
0.370661500,0,0,1,0,0,0
0.370830750,0,0,1,1,1,1
0.370859792,0,0,1,0,0,0
0.371029042,0,0,1,1,1,1
0.371058125,0,0,1,0,0,0
0.371227375,0,0,1,1,1,1
0.371256417,0,0,1,0,0,0
0.371425708,0,0,1,1,1,1
0.371454792,0,0,1,0,0,0
0.371624125,0,0,1,1,1,1
0.371653167,0,0,1,0,0,0
0.371822458,0,0,1,1,1,1
0.371851542,0,0,1,0,0,0
0.372020792,0,0,1,1,1,1
0.372049875,0,0,1,0,0,0
0.372219125,0,0,1,1,1,1
0.372248167,0,0,1,0,0,0
0.372417458,0,0,1,1,1,1
0.372446500,0,0,1,0,0,0
0.372615792,0,0,1,1,1,1
0.372644875,0,0,1,0,0,0
0.372814167,0,0,1,1,1,1
0.372843208,0,0,1,0,0,0
0.373012542,0,0,1,1,1,1
0.373041583,0,0,1,0,0,0
0.373210875,0,0,1,1,1,1
0.373239917,0,0,1,0,0,0
0.373409208,0,0,1,1,1,1
0.373438292,0,0,1,0,0,0
0.373607583,0,0,1,1,1,1
0.373636625,0,0,1,0,0,0
0.373805958,0,0,1,1,1,1
0.373835000,0,0,1,0,0,0
0.374004333,0,0,1,1,1,1
0.374033375,0,0,1,0,0,0
0.374202667,0,0,1,1,1,1
0.374231708,0,0,1,0,0,0
0.374401000,0,0,1,1,1,1
0.374430083,0,0,1,0,0,0
0.374599417,0,0,1,1,1,1
0.374628458,0,0,1,0,0,0
0.374797792,0,0,1,1,1,1
0.374826833,0,0,1,0,0,0
0.374996167,0,0,1,1,1,1
0.375025208,0,0,1,0,0,0
0.375194542,0,0,1,1,1,1
0.375223583,0,0,1,0,0,0
0.375392875,0,0,1,1,1,1
0.375421917,0,0,1,0,0,0
0.375591167,0,0,1,1,1,1
0.375620208,0,0,1,0,0,0
0.375789500,0,0,1,1,1,1
0.375818542,0,0,1,0,0,0
0.375987792,0,0,1,1,1,1
0.376016833,0,0,1,0,0,0
0.376186125,0,0,1,1,1,1
0.376215167,0,0,1,0,0,0
0.376384417,0,0,1,1,1,1
0.376413458,0,0,1,0,0,0
0.376582708,0,0,1,1,1,1
0.376611750,0,0,1,0,0,0
0.376781042,0,0,1,1,1,1
0.376810083,0,0,1,0,0,0
0.376979375,0,0,1,0,1,1
0.376979417,0,0,1,1,1,1
0.377008458,0,0,1,0,0,0
0.377177750,0,0,1,1,1,1
0.377206833,0,0,1,0,0,0
0.377376125,0,0,1,1,1,1
0.377405167,0,0,1,0,0,0
0.377574500,0,0,1,1,1,1
0.377603542,0,0,1,0,0,0
0.377772792,0,0,1,1,1,1
0.377801833,0,0,1,0,0,0
0.377971083,0,0,1,1,1,1
0.378000167,0,0,1,0,0,0
0.378169417,0,0,1,1,1,1
0.378198458,0,0,1,0,0,0
0.378367708,0,0,1,1,1,1
0.378396792,0,0,1,0,0,0
0.378566083,0,0,1,1,1,1
0.378595125,0,0,1,0,0,0
0.378764458,0,0,1,1,1,1
0.378793500,0,0,1,0,0,0
0.378962792,0,0,1,1,1,1
0.378991875,0,0,1,0,0,0
0.379161167,0,0,1,1,1,1
0.379190250,0,0,1,0,0,0
0.379359542,0,0,1,1,1,1
0.379388583,0,0,1,0,0,0
0.379557875,0,0,1,1,1,1
0.379586958,0,0,1,0,0,0
0.379756292,0,0,1,1,1,1
0.379785333,0,0,1,0,0,0
0.379954667,0,0,1,1,1,1
0.379983708,0,0,1,0,0,0
0.380153000,0,0,1,1,1,1
0.380182042,0,0,1,0,0,0
0.380351375,0,0,1,1,1,1
0.380380417,0,0,1,0,0,0
0.380549708,0,0,1,1,1,1
0.380578750,0,0,1,0,0,0
0.380748083,0,0,1,1,1,1
0.380777125,0,0,1,0,0,0
0.380946417,0,0,1,1,1,1
0.380975458,0,0,1,0,0,0
0.381144708,0,0,1,1,1,1
0.381173750,0,0,1,1,0,0
0.381173792,0,0,1,0,0,0
0.381343042,0,0,1,1,1,1
0.381372083,0,0,1,0,0,0
0.381541333,0,0,1,1,1,1
0.381570417,0,0,1,0,0,0
0.381739667,0,0,1,1,1,1
0.381768708,0,0,1,0,0,0
0.381938000,0,0,1,1,1,1
0.381967042,0,0,1,0,0,0
0.382136292,0,0,1,1,1,1
0.382165375,0,0,1,0,0,0
0.382334625,0,0,1,1,1,1
0.382363667,0,0,1,0,0,0
0.382532958,0,0,1,1,1,1
0.382562000,0,0,1,0,0,0
0.382731250,0,0,1,1,1,1
0.382760333,0,0,1,0,0,0
0.382929583,0,0,1,1,1,1
0.382958667,0,0,1,0,0,0
0.383127917,0,0,1,1,1,1
0.383157000,0,0,1,0,0,0
0.383326292,0,0,1,1,1,1
0.383355333,0,0,1,0,0,0
0.383524625,0,0,1,1,1,1
0.383553667,0,0,1,0,0,0
0.383722958,0,0,1,1,1,1
0.383752042,0,0,1,0,0,0
0.383921375,0,0,1,1,1,1
0.383950417,0,0,1,0,0,0
0.384119750,0,0,1,1,1,1
0.384148792,0,0,1,0,0,0
0.384318125,0,0,1,1,1,1
0.384347208,0,0,1,0,0,0
0.384516542,0,0,1,1,1,1
0.384545583,0,0,1,0,0,0
0.384714917,0,0,1,1,1,1
0.384743958,0,0,1,0,0,0
0.384913333,0,0,1,1,1,1
0.384942375,0,0,1,0,0,0
0.385111708,0,0,1,1,1,1
0.385140792,0,0,1,0,0,0
0.385310125,0,0,1,1,1,1
0.385339167,0,0,1,0,0,0
0.385508500,0,0,1,1,1,1
0.385537542,0,0,1,0,0,0
0.385706875,0,0,1,1,1,1
0.385735917,0,0,1,0,0,0
0.385905292,0,0,1,1,1,1
0.385934333,0,0,1,0,0,0
0.386103667,0,0,1,1,1,1
0.386132708,0,0,1,0,0,0
0.386302042,0,0,1,1,1,1
0.386331083,0,0,1,0,0,0
0.386500333,0,0,1,1,1,1
0.386529375,0,0,1,0,0,0
0.386698625,0,0,1,1,1,1
0.386727708,0,0,1,0,0,0
0.386896958,0,0,1,1,1,1
0.386926000,0,0,1,0,0,0
0.387095292,0,0,1,1,1,1
0.387124333,0,0,1,0,0,0
0.387293625,0,0,1,1,1,1
0.387322708,0,0,1,0,0,0
0.387492000,0,0,1,1,1,1
0.387521042,0,0,1,0,0,0
0.387690375,0,0,1,1,1,1
0.387719417,0,0,1,0,0,0
0.387888750,0,0,1,1,1,1
0.387917833,0,0,1,0,0,0
0.388087125,0,0,1,1,1,1
0.388116167,0,0,1,0,0,0
0.388285500,0,0,1,1,1,1
0.388314542,0,0,1,0,0,0
0.388483792,0,0,1,1,1,1
0.388512875,0,0,1,0,0,0
0.388682125,0,0,1,1,1,1
0.388711208,0,0,1,0,0,0
0.388880458,0,0,1,1,1,1
0.388909542,0,0,1,0,0,0
0.389078792,0,0,1,1,1,1
0.389107875,0,0,1,0,0,0
0.389277125,0,0,1,1,1,1
0.389306167,0,0,1,0,0,0
0.389475417,0,0,1,1,1,1
0.389504500,0,0,1,0,0,0
0.389673750,0,0,1,1,1,1
0.389702792,0,0,1,0,0,0
0.389872083,0,0,1,1,1,1
0.389901125,0,0,1,0,0,0
0.390070375,0,0,1,1,1,1
0.390099417,0,0,1,0,0,0
0.390268667,0,0,1,1,1,1
0.390297750,0,0,1,0,0,0
0.390467000,0,0,1,1,1,1
0.390496042,0,0,1,0,0,0
0.390665333,0,0,1,1,1,1
0.390694375,0,0,1,0,0,0
0.390863625,0,0,1,1,1,1
0.390892708,0,0,1,0,0,0
0.391062000,0,0,1,1,1,1
0.391091042,0,0,1,0,0,0
0.391260292,0,0,1,1,1,1
0.391289333,0,0,1,0,0,0
0.391458625,0,0,1,1,1,1
0.391487708,0,0,1,0,0,0
0.391656958,0,0,1,1,1,1
0.391686000,0,0,1,0,0,0
0.391855292,0,0,1,1,1,1
0.391884333,0,0,1,0,0,0
0.392053583,0,0,1,1,1,1
0.392082625,0,0,1,0,0,0
0.392251833,0,0,1,1,1,1
0.392280875,0,0,1,0,0,0
0.392450125,0,0,1,1,1,1
0.392479167,0,0,1,0,0,0
0.392648500,0,0,1,1,1,1
0.392677542,0,0,1,0,0,0
0.392846875,0,0,1,1,1,1
0.392875917,0,0,1,0,0,0
0.393045250,0,0,1,1,1,1
0.393074292,0,0,1,0,0,0
0.393243583,0,0,1,1,1,1
0.393272625,0,0,1,0,0,0
0.393441917,0,0,1,1,1,1
0.393470958,0,0,1,0,0,0
0.393640250,0,0,1,1,1,1
0.393669292,0,0,1,0,0,0
0.393838583,0,0,1,1,1,1
0.393867625,0,0,1,0,0,0
0.394036917,0,0,1,1,1,1
0.394065958,0,0,1,0,0,0
0.394235250,0,0,1,1,1,1
0.394264292,0,0,1,0,0,0
0.394433583,0,0,1,1,1,1
0.394462625,0,0,1,0,0,0
0.394631917,0,0,1,1,1,1
0.394661000,0,0,1,0,0,0
0.394830250,0,0,1,1,1,1
0.394859292,0,0,1,0,0,0
0.395028625,0,0,1,1,1,1
0.395057667,0,0,1,0,0,0
0.395226958,0,0,1,1,1,1
0.395256000,0,0,1,0,0,0
0.395425292,0,0,1,1,1,1
0.395454333,0,0,1,0,0,0
0.395623625,0,0,1,1,1,1
0.395652667,0,0,1,0,0,0
0.395821958,0,0,1,1,1,1
0.395851000,0,0,1,0,0,0
0.396020292,0,0,1,1,1,1
0.396049375,0,0,1,0,0,0
0.396218667,0,0,1,1,1,1
0.396247708,0,0,1,0,0,0
0.396417000,0,0,1,1,1,1
0.396446042,0,0,1,1,0,0
0.396446083,0,0,1,0,0,0
0.396615375,0,0,1,1,1,1
0.396644417,0,0,1,0,0,0
0.396813708,0,0,1,1,1,1
0.396842750,0,0,1,0,0,0
0.397012000,0,0,1,1,1,1
0.397041042,0,0,1,0,0,0
0.397210292,0,0,1,1,1,1
0.397239333,0,0,1,0,0,0
0.397408625,0,0,1,1,1,1
0.397437667,0,0,1,0,0,0
0.397606917,0,0,1,1,1,1
0.397636000,0,0,1,0,0,0
0.397805208,0,0,1,1,1,1
0.397834292,0,0,1,0,0,0
0.398003500,0,0,1,0,1,1
0.398003542,0,0,1,1,1,1
0.398032542,0,0,1,0,0,0
0.398201792,0,0,1,1,1,1
0.398230833,0,0,1,0,0,0
0.398400042,0,0,1,0,1,1
0.398400083,0,0,1,1,1,1
0.398429125,0,0,1,0,0,0
0.398598333,0,0,1,1,1,1
0.398627375,0,0,1,0,0,0
0.398796625,0,0,1,1,1,1
0.398825667,0,0,1,0,0,0
0.398994958,0,0,1,1,1,1
0.399024000,0,0,1,0,0,0
0.399193208,0,0,1,1,1,1
0.399222250,0,0,1,0,0,0
0.399391500,0,0,1,1,1,1
0.399420542,0,0,1,0,0,0
0.399589833,0,0,1,1,1,1
0.399618875,0,0,1,0,0,0
0.399788125,0,0,1,1,1,1
0.399817167,0,0,1,0,0,0
0.399986417,0,0,1,1,1,1
0.400015458,0,0,1,0,0,0
0.400184667,0,0,1,1,1,1
0.400213708,0,0,1,0,0,0
0.400383000,0,0,1,1,1,1
0.400412042,0,0,1,0,0,0
0.400581292,0,0,1,1,1,1
0.400610375,0,0,1,0,0,0
0.400779625,0,0,1,1,1,1
0.400808667,0,0,1,0,0,0
0.400977917,0,0,1,1,1,1
0.401006958,0,0,1,0,0,0
0.401176208,0,0,1,1,1,1
0.401205250,0,0,1,0,0,0
0.401374500,0,0,1,1,1,1
0.401403542,0,0,1,0,0,0
0.401572792,0,0,1,1,1,1
0.401601833,0,0,1,0,0,0
0.401771083,0,0,1,1,1,1
0.401800125,0,0,1,0,0,0
0.401969375,0,0,1,1,1,1
0.401998417,0,0,1,0,0,0
0.402167667,0,0,1,1,1,1
0.402196708,0,0,1,0,0,0
0.402365958,0,0,1,1,1,1
0.402395000,0,0,1,0,0,0
0.402564250,0,0,1,1,1,1
0.402593333,0,0,1,0,0,0
0.402762583,0,0,1,1,1,1
0.402791625,0,0,1,0,0,0
0.402960875,0,0,1,1,1,1
0.402989917,0,0,1,0,0,0
0.403159208,0,0,1,1,1,1
0.403188250,0,0,1,0,0,0
0.403357542,0,0,1,1,1,1
0.403386583,0,0,1,0,0,0
0.403555833,0,0,1,1,1,1
0.403584875,0,0,1,0,0,0
0.403754125,0,0,1,1,1,1
0.403783167,0,0,1,0,0,0
0.403952375,0,0,1,1,1,1
0.403981458,0,0,1,0,0,0
0.404150708,0,0,1,1,1,1
0.404179792,0,0,1,0,0,0
0.404349042,0,0,1,1,1,1
0.404378083,0,0,1,0,0,0
0.404547375,0,0,1,1,1,1
0.404576417,0,0,1,0,0,0
0.404745667,0,0,1,1,1,1
0.404774708,0,0,1,0,0,0
0.404944000,0,0,1,1,1,1
0.404973042,0,0,1,0,0,0
0.405142292,0,0,1,1,1,1
0.405171375,0,0,1,0,0,0
0.405340625,0,0,1,1,1,1
0.405369708,0,0,1,0,0,0
0.405539000,0,0,1,1,1,1
0.405568042,0,0,1,0,0,0
0.405737292,0,0,1,1,1,1
0.405766333,0,0,1,0,0,0
0.405935583,0,0,1,1,1,1
0.405964625,0,0,1,0,0,0
0.406133917,0,0,1,1,1,1
0.406162958,0,0,1,0,0,0
0.406332250,0,0,1,1,1,1
0.406361292,0,0,1,1,0,0
0.406361333,0,0,1,0,0,0
0.406530625,0,0,1,1,1,1
0.406559667,0,0,1,0,0,0
0.406728917,0,0,1,1,1,1
0.406757958,0,0,1,0,0,0
0.406927208,0,0,1,1,1,1
0.406956250,0,0,1,0,0,0
0.407125542,0,0,1,1,1,1
0.407154583,0,0,1,0,0,0
0.407323875,0,0,1,1,1,1
0.407352917,0,0,1,0,0,0
0.407522208,0,0,1,1,1,1
0.407551250,0,0,1,0,0,0
0.407720542,0,0,1,1,1,1
0.407749583,0,0,1,0,0,0
0.407918875,0,0,1,1,1,1
0.407947958,0,0,1,0,0,0
0.408117208,0,0,1,1,1,1
0.408146250,0,0,1,0,0,0
0.408315583,0,0,1,1,1,1
0.408344625,0,0,1,0,0,0
0.408513917,0,0,1,1,1,1
0.408542958,0,0,1,0,0,0
0.408712208,0,0,1,1,1,1
0.408741250,0,0,1,0,0,0
0.408910542,0,0,1,1,1,1
0.408939583,0,0,1,0,0,0
0.409108917,0,0,1,1,1,1
0.409137958,0,0,1,0,0,0
0.409307250,0,0,1,1,1,1
0.409336292,0,0,1,0,0,0
0.409505583,0,0,1,1,1,1
0.409534625,0,0,1,0,0,0
0.409703875,0,0,1,1,1,1
0.409732917,0,0,1,0,0,0
0.409902167,0,0,1,1,1,1
0.409931208,0,0,1,0,0,0
0.410100500,0,0,1,1,1,1
0.410129542,0,0,1,0,0,0
0.410298750,0,0,1,1,1,1
0.410327792,0,0,1,0,0,0
0.410497000,0,0,1,1,1,1
0.410526042,0,0,1,0,0,0
0.410695250,0,0,1,1,1,1
0.410724292,0,0,1,0,0,0
0.410893542,0,0,1,1,1,1
0.410922583,0,0,1,0,0,0
0.411091833,0,0,1,1,1,1
0.411120875,0,0,1,0,0,0
0.411290125,0,0,1,1,1,1
0.411319208,0,0,1,0,0,0
0.411488458,0,0,1,1,1,1
0.411517500,0,0,1,0,0,0
0.411686750,0,0,1,1,1,1
0.411715792,0,0,1,0,0,0
0.411885000,0,0,1,1,1,1
0.411914042,0,0,1,0,0,0
0.412083292,0,0,1,1,1,1
0.412112333,0,0,1,0,0,0
0.412281583,0,0,1,1,1,1
0.412310625,0,0,1,0,0,0
0.412479875,0,0,1,1,1,1
0.412508917,0,0,1,0,0,0
0.412678167,0,0,1,1,1,1
0.412707167,0,0,1,0,0,0
0.412876417,0,0,1,1,1,1
0.412905458,0,0,1,0,0,0
0.413074667,0,0,1,1,1,1
0.413103708,0,0,1,0,0,0
0.413273000,0,0,1,1,1,1
0.413302042,0,0,1,0,0,0
0.413471292,0,0,1,1,1,1
0.413500333,0,0,1,0,0,0
0.413669542,0,0,1,1,1,1
0.413698583,0,0,1,0,0,0
0.413867833,0,0,1,1,1,1
0.413896917,0,0,1,0,0,0
0.414066167,0,0,1,1,1,1
0.414095208,0,0,1,0,0,0
0.414264458,0,0,1,1,1,1
0.414293500,0,0,1,0,0,0
0.414462708,0,0,1,1,1,1
0.414491750,0,0,1,0,0,0
0.414661000,0,0,1,1,1,1
0.414690042,0,0,1,0,0,0
0.414859250,0,0,1,1,1,1
0.414888292,0,0,1,0,0,0
0.415057542,0,0,1,1,1,1
0.415086583,0,0,1,0,0,0
0.415255792,0,0,1,1,1,1
0.415284875,0,0,1,0,0,0
0.415454125,0,0,1,1,1,1
0.415483167,0,0,1,0,0,0
0.415652417,0,0,1,1,1,1
0.415681458,0,0,1,0,0,0
0.415850708,0,0,1,1,1,1
0.415879750,0,0,1,0,0,0
0.416049000,0,0,1,1,1,1
0.416078042,0,0,1,0,0,0
0.416247333,0,0,1,1,1,1
0.416276417,0,0,1,0,0,0
0.416445708,0,0,1,1,1,1
0.416474750,0,0,1,0,0,0
0.416644042,0,0,1,1,1,1
0.416673083,0,0,1,0,0,0
0.416842375,0,0,1,1,1,1
0.416871417,0,0,1,0,0,0
0.417040708,0,0,1,1,1,1
0.417069792,0,0,1,0,0,0
0.417239083,0,0,1,1,1,1
0.417268125,0,0,1,0,0,0
0.417437417,0,0,1,1,1,1
0.417466458,0,0,1,0,0,0
0.417635750,0,0,1,1,1,1
0.417664792,0,0,1,0,0,0
0.417834000,0,0,1,1,1,1
0.417863042,0,0,1,0,0,0
0.418032292,0,0,1,1,1,1
0.418061333,0,0,1,0,0,0
0.418230583,0,0,1,1,1,1
0.418259667,0,0,1,0,0,0
0.418429000,0,0,1,1,1,1
0.418458042,0,0,1,0,0,0
0.418627333,0,0,1,1,1,1
0.418656417,0,0,1,0,0,0
0.418825708,0,0,1,1,1,1
0.418854750,0,0,1,0,0,0
0.419024042,0,0,1,1,1,1
0.419053083,0,0,1,0,0,0
0.419222375,0,0,1,1,1,1
0.419251417,0,0,1,0,0,0
0.419420708,0,0,1,1,1,1
0.419449750,0,0,1,0,0,0
0.419619042,0,0,1,1,1,1
0.419648083,0,0,1,0,0,0
0.419817375,0,0,1,1,1,1
0.419846417,0,0,1,0,0,0
0.420015708,0,0,1,1,1,1
0.420044750,0,0,1,0,0,0
0.420214000,0,0,1,1,1,1
0.420243042,0,0,1,0,0,0
0.420412333,0,0,1,1,1,1
0.420441375,0,0,1,0,0,0
0.420610708,0,0,1,1,1,1
0.420639750,0,0,1,0,0,0
0.420809083,0,0,1,1,1,1
0.420838125,0,0,1,0,0,0
0.421007458,0,0,1,1,1,1
0.421036500,0,0,1,0,0,0
0.421205833,0,0,1,1,1,1
0.421234917,0,0,1,0,0,0
0.421404208,0,0,1,1,1,1
0.421433292,0,0,1,0,0,0
0.421602583,0,0,1,1,1,1
0.421631667,0,0,1,0,0,0
0.421801000,0,0,1,1,1,1
0.421830042,0,0,1,0,0,0
0.421999333,0,0,1,1,1,1
0.422028375,0,0,1,0,0,0
0.422197708,0,0,1,1,1,1
0.422226750,0,0,1,0,0,0
0.422396042,0,0,1,1,1,1
0.422425083,0,0,1,0,0,0
0.422594417,0,0,1,1,1,1
0.422623458,0,0,1,0,0,0
0.422792750,0,0,1,1,1,1
0.422821833,0,0,1,0,0,0
0.422991125,0,0,1,1,1,1
0.423020167,0,0,1,0,0,0
0.423189500,0,0,1,1,1,1
0.423218542,0,0,1,0,0,0
0.423387833,0,0,1,1,1,1
0.423416917,0,0,1,0,0,0
0.423586208,0,0,1,1,1,1
0.423615292,0,0,1,0,0,0
0.423784625,0,0,1,1,1,1
0.423813667,0,0,1,0,0,0
0.423983000,0,0,1,1,1,1
0.424012042,0,0,1,0,0,0
0.424181375,0,0,1,1,1,1
0.424210417,0,0,1,0,0,0
0.424379750,0,0,1,1,1,1
0.424408792,0,0,1,0,0,0
0.424578125,0,0,1,1,1,1
0.424607208,0,0,1,0,0,0
0.424776542,0,0,1,1,1,1
0.424805583,0,0,1,0,0,0
0.424974917,0,0,1,1,1,1
0.425003958,0,0,1,0,0,0
0.425173292,0,0,1,1,1,1
0.425202375,0,0,1,0,0,0
0.425371667,0,0,1,1,1,1
0.425400750,0,0,1,0,0,0
0.425570042,0,0,1,1,1,1
0.425599083,0,0,1,0,0,0
0.425768375,0,0,1,1,1,1
0.425797417,0,0,1,0,0,0
0.425966708,0,0,1,1,1,1
0.425995750,0,0,1,0,0,0
0.426165000,0,0,1,1,1,1
0.426194042,0,0,1,0,0,0
0.426363333,0,0,1,1,1,1
0.426392375,0,0,1,0,0,0
0.426561708,0,0,1,1,1,1
0.426590750,0,0,1,0,0,0
0.426760042,0,0,1,1,1,1
0.426789125,0,0,1,0,0,0
0.426958375,0,0,1,1,1,1
0.426987417,0,0,1,0,0,0
0.427156708,0,0,1,1,1,1
0.427185750,0,0,1,0,0,0
0.427355042,0,0,1,1,1,1
0.427384083,0,0,1,0,0,0
0.427553333,0,0,1,1,1,1
0.427582417,0,0,1,0,0,0
0.427751667,0,0,1,1,1,1
0.427780708,0,0,1,0,0,0
0.427949958,0,0,1,1,1,1
0.427979000,0,0,1,0,0,0
0.428148250,0,0,1,1,1,1
0.428177292,0,0,1,0,0,0
0.428346542,0,0,1,1,1,1
0.428375583,0,0,1,0,0,0
0.428544875,0,0,1,1,1,1
0.428573917,0,0,1,0,0,0
0.428743167,0,0,1,1,1,1
0.428772208,0,0,1,1,0,1
0.428772250,0,0,1,0,0,0
0.428941500,0,0,1,1,1,1
0.428970542,0,0,1,0,0,0
0.429139750,0,0,1,1,1,1
0.429168792,0,0,1,0,0,0
0.429338000,0,0,1,1,1,1
0.429367042,0,0,1,0,0,0
0.429536292,0,0,1,1,1,1
0.429565333,0,0,1,0,0,0
0.429734542,0,0,1,1,1,1
0.429763583,0,0,1,0,0,0
0.429932875,0,0,1,1,1,1
0.429961917,0,0,1,0,0,0
0.430131208,0,0,1,1,1,1
0.430160250,0,0,1,0,0,0
0.430329500,0,0,1,1,1,1
0.430358542,0,0,1,0,0,0
0.430527792,0,0,1,1,1,1
0.430556875,0,0,1,0,0,0
0.430726125,0,0,1,1,1,1
0.430755167,0,0,1,0,0,0
0.430924500,0,0,1,1,1,1
0.430953542,0,0,1,0,0,0
0.431122792,0,0,1,1,1,1
0.431151875,0,0,1,0,0,0
0.431321125,0,0,1,1,1,1
0.431350167,0,0,1,0,0,0
0.431519458,0,0,1,1,1,1
0.431548500,0,0,1,0,0,0
0.431717792,0,0,1,1,1,1
0.431746833,0,0,1,0,0,0
0.431916083,0,0,1,1,1,1
0.431945125,0,0,1,0,0,0
0.432114417,0,0,1,1,1,1
0.432143458,0,0,1,0,0,0
0.432312667,0,0,1,1,1,1
0.432341708,0,0,1,0,0,0
0.432510958,0,0,1,1,1,1
0.432540000,0,0,1,0,0,0
0.432709333,0,0,1,1,1,1
0.432738375,0,0,1,0,0,0
0.432907708,0,0,1,1,1,1
0.432936750,0,0,1,0,0,0
0.433106083,0,0,1,1,1,1
0.433135125,0,0,1,0,0,0
0.433304458,0,0,1,1,1,1
0.433333542,0,0,1,0,0,0
0.433502833,0,0,1,1,1,1
0.433531917,0,0,1,0,0,0
0.433701208,0,0,1,1,1,1
0.433730250,0,0,1,0,0,0
0.433899542,0,0,1,1,1,1
0.433928583,0,0,1,1,0,0
0.433928625,0,0,1,0,0,0
0.434097917,0,0,1,0,1,1
0.434097958,0,0,1,1,1,1
0.434127000,0,0,1,0,0,0
0.434296292,0,0,1,0,1,0
0.434296333,0,0,1,1,1,1
0.434325375,0,0,1,0,0,0
0.434494667,0,0,1,1,1,1
0.434523708,0,0,1,0,0,0
0.434693042,0,0,1,1,1,1
0.434722083,0,0,1,0,0,0
0.434891375,0,0,1,1,1,1
0.434920458,0,0,1,0,0,0
0.435089750,0,0,1,1,1,1
0.435118792,0,0,1,0,0,0
0.435288083,0,0,1,1,1,1
0.435317125,0,0,1,0,0,0
0.435486417,0,0,1,1,1,1
0.435515500,0,0,1,0,0,0
0.435684792,0,0,1,1,1,1
0.435713833,0,0,1,0,0,0
0.435883125,0,0,1,1,1,1
0.435912167,0,0,1,0,0,0
0.436081417,0,0,1,1,1,1
0.436110500,0,0,1,0,0,0
0.436279750,0,0,1,1,1,1
0.436308792,0,0,1,0,0,0
0.436478083,0,0,1,1,1,1
0.436507125,0,0,1,0,0,0
0.436676417,0,0,1,1,1,1
0.436705458,0,0,1,0,0,0
0.436874708,0,0,1,1,1,1
0.436903750,0,0,1,0,0,0
0.437072958,0,0,1,1,1,1
0.437102042,0,0,1,0,0,0
0.437271375,0,0,1,1,1,1
0.437300417,0,0,1,0,0,0
0.437469750,0,0,1,1,1,1
0.437498792,0,0,1,0,0,0
0.437668083,0,0,1,1,1,1
0.437697167,0,0,1,0,0,0
0.437866458,0,0,1,1,1,1
0.437895500,0,0,1,0,0,0
0.438064833,0,0,1,1,1,1
0.438093917,0,0,1,0,0,0
0.438263250,0,0,1,1,1,1
0.438292292,0,0,1,0,0,0
0.438461625,0,0,1,1,1,1
0.438490667,0,0,1,0,0,0
0.438659958,0,0,1,1,1,1
0.438689000,0,0,1,0,0,0
0.438858333,0,0,1,1,1,1
0.438887375,0,0,1,0,0,0
0.439056708,0,0,1,1,1,1
0.439085792,0,0,1,0,0,0
0.439255083,0,0,1,1,1,1
0.439284167,0,0,1,0,0,0
0.439453500,0,0,1,1,1,1
0.439482542,0,0,1,0,0,0
0.439651875,0,0,1,1,1,1
0.439680958,0,0,1,0,0,0
0.439850250,0,0,1,1,1,1
0.439879292,0,0,1,0,0,0
0.440048583,0,0,1,1,1,1
0.440077625,0,0,1,0,0,0
0.440246917,0,0,1,0,1,1
0.440246958,0,0,1,1,1,1
0.440276000,0,0,1,0,0,0
0.440445333,0,0,1,1,1,1
0.440474375,0,0,1,0,0,0
0.440643667,0,0,1,1,1,1
0.440672708,0,0,1,0,0,0
0.440842000,0,0,1,1,1,1
0.440871083,0,0,1,0,0,0
0.441040417,0,0,1,1,1,1
0.441069458,0,0,1,0,0,0
0.441238750,0,0,1,1,1,1
0.441267833,0,0,1,0,0,0
0.441437125,0,0,1,1,1,1
0.441466167,0,0,1,0,0,0
0.441635500,0,0,1,1,1,1
0.441664542,0,0,1,0,0,0
0.441833875,0,0,1,1,1,1
0.441862917,0,0,1,0,0,0
0.442032208,0,0,1,1,1,1
0.442061292,0,0,1,0,0,0
0.442230583,0,0,1,1,1,1
0.442259625,0,0,1,0,0,0
0.442428875,0,0,1,1,1,1
0.442457917,0,0,1,0,0,0
0.442627208,0,0,1,1,1,1
0.442656250,0,0,1,0,0,0
0.442825542,0,0,1,1,1,1
0.442854583,0,0,1,0,0,0
0.443023875,0,0,1,1,1,1
0.443052958,0,0,1,0,0,0
0.443222208,0,0,1,1,1,1
0.443251292,0,0,1,0,0,0
0.443420583,0,0,1,1,1,1
0.443449625,0,0,1,0,0,0
0.443618917,0,0,1,1,1,1
0.443647958,0,0,1,0,0,0
0.443817250,0,0,1,1,1,1
0.443846292,0,0,1,0,0,0
0.444015583,0,0,1,1,1,1
0.444044625,0,0,1,0,0,0
0.444213917,0,0,1,1,1,1
0.444243000,0,0,1,0,0,0
0.444412333,0,0,1,1,1,1
0.444441375,0,0,1,0,0,0
0.444610708,0,0,1,1,1,1
0.444639750,0,0,1,1,1,0
0.444639792,0,0,1,0,0,0
0.444809125,0,0,1,1,1,1
0.444838208,0,0,1,0,0,0
0.445007500,0,0,1,1,1,1
0.445036542,0,0,1,0,0,0
0.445205833,0,0,1,1,1,1
0.445234875,0,0,1,0,0,0
0.445404167,0,0,1,1,1,1
0.445433208,0,0,1,0,0,0
0.445602458,0,0,1,1,1,1
0.445631500,0,0,1,0,0,0
0.445800792,0,0,1,1,1,1
0.445829833,0,0,1,0,0,0
0.445999125,0,0,1,1,1,1
0.446028208,0,0,1,0,0,0
0.446197500,0,0,1,1,1,1
0.446226542,0,0,1,0,0,0
0.446395833,0,0,1,1,1,1
0.446424917,0,0,1,0,0,0
0.446594167,0,0,1,1,1,1
0.446623208,0,0,1,0,0,0
0.446792542,0,0,1,1,1,1
0.446821583,0,0,1,0,0,0
0.446990875,0,0,1,1,1,1
0.447019958,0,0,1,0,0,0
0.447189208,0,0,1,1,1,1
0.447218292,0,0,1,0,0,0
0.447387542,0,0,1,1,1,1
0.447416583,0,0,1,0,0,0
0.447585833,0,0,1,1,1,1
0.447614917,0,0,1,0,0,0
0.447784167,0,0,1,1,1,1
0.447813208,0,0,1,1,0,0
0.447813250,0,0,1,0,0,0
0.447982500,0,0,1,0,1,1
0.447982542,0,0,1,1,1,1
0.448011583,0,0,1,0,0,0
0.448180833,0,0,1,1,1,1
0.448209875,0,0,1,0,0,0
0.448379167,0,0,1,1,1,1
0.448408250,0,0,1,0,0,0
0.448577542,0,0,1,1,1,1
0.448606625,0,0,1,0,0,0
0.448775917,0,0,1,1,1,1
0.448805000,0,0,1,0,0,0
0.448974292,0,0,1,1,1,1
0.449003333,0,0,1,0,0,0
0.449172583,0,0,1,1,1,1
0.449201625,0,0,1,0,0,0
0.449370917,0,0,1,1,1,1
0.449399958,0,0,1,0,0,0
0.449569250,0,0,1,1,1,1
0.449598333,0,0,1,0,0,0
0.449767583,0,0,1,1,1,1
0.449796625,0,0,1,0,0,0
0.449965917,0,0,1,1,1,1
0.449994958,0,0,1,0,0,0
0.450164250,0,0,1,1,1,1
0.450193292,0,0,1,0,0,0
0.450362542,0,0,1,1,1,1
0.450391583,0,0,1,0,0,0
0.450560833,0,0,1,1,1,1
0.450589875,0,0,1,0,0,0
0.450759083,0,0,1,0,1,1
0.450759125,0,0,1,1,1,1
0.450788125,0,0,1,0,0,0
0.450957417,0,0,1,1,1,1
0.450986458,0,0,1,0,0,0
0.451155708,0,0,1,1,1,1
0.451184750,0,0,1,0,0,0
0.451354000,0,0,1,1,1,1
0.451383083,0,0,1,0,0,0
0.451552333,0,0,1,1,1,1
0.451581417,0,0,1,0,0,0
0.451750708,0,0,1,1,1,1
0.451779750,0,0,1,0,0,0
0.451949042,0,0,1,1,1,1
0.451978083,0,0,1,0,0,0
0.452147292,0,0,1,1,1,1
0.452176333,0,0,1,0,0,0
0.452345583,0,0,1,1,1,1
0.452374583,0,0,1,1,0,0
0.452374625,0,0,1,0,0,0
0.452543875,0,0,1,1,1,1
0.452572917,0,0,1,0,0,0
0.452742208,0,0,1,1,1,1
0.452771250,0,0,1,1,0,0
0.452771292,0,0,1,0,0,0
0.452940542,0,0,1,1,1,1
0.452969625,0,0,1,0,0,0
0.453138917,0,0,1,1,1,1
0.453167958,0,0,1,0,0,0
0.453337292,0,0,1,1,1,1
0.453366333,0,0,1,0,0,0
0.453535667,0,0,1,1,1,1
0.453564708,0,0,1,0,0,0
0.453734000,0,0,1,1,1,1
0.453763083,0,0,1,0,0,0
0.453932417,0,0,1,1,1,1
0.453961458,0,0,1,0,0,0
0.454130750,0,0,1,1,1,1
0.454159792,0,0,1,0,0,0
0.454329083,0,0,1,1,1,1
0.454358125,0,0,1,0,0,0
0.454527375,0,0,1,1,1,1
0.454556417,0,0,1,0,0,0
0.454725708,0,0,1,1,1,1
0.454754750,0,0,1,0,0,0
0.454924000,0,0,1,1,1,1
0.454953042,0,0,1,0,0,0
0.455122292,0,0,1,1,1,1
0.455151333,0,0,1,0,0,0
0.455320583,0,0,1,1,1,1
0.455349625,0,0,1,0,0,0
0.455518833,0,0,1,1,1,1
0.455547875,0,0,1,0,0,0
0.455717167,0,0,1,1,1,1
0.455746208,0,0,1,0,0,0
0.455915500,0,0,1,1,1,1
0.455944542,0,0,1,0,0,0
0.456113875,0,0,1,1,1,1
0.456142917,0,0,1,0,0,0
0.456312208,0,0,1,1,1,1
0.456341250,0,0,1,0,0,0
0.456510542,0,0,1,1,1,1
0.456539583,0,0,1,0,0,0
0.456708792,0,0,1,1,1,1
0.456737833,0,0,1,0,0,0
0.456907083,0,0,1,1,1,1
0.456936125,0,0,1,0,0,0
0.457105375,0,0,1,1,1,1
0.457134417,0,0,1,0,0,0
0.457303667,0,0,1,1,1,1
0.457332708,0,0,1,0,0,0
0.457501958,0,0,1,1,1,1
0.457531042,0,0,1,0,0,0
0.457700333,0,0,1,1,1,1
0.457729375,0,0,1,0,0,0
0.457898625,0,0,1,1,1,1
0.457927667,0,0,1,0,0,0
0.458096958,0,0,1,1,1,1
0.458126000,0,0,1,0,0,0
0.458295250,0,0,1,1,1,1
0.458324292,0,0,1,0,0,0
0.458493583,0,0,1,1,1,1
0.458522625,0,0,1,0,0,0
0.458691875,0,0,1,1,1,1
0.458720917,0,0,1,0,0,0
0.458890125,0,0,1,0,1,0
0.458890167,0,0,1,1,1,1
0.458919208,0,0,1,0,0,0
0.459088417,0,0,1,1,1,1
0.459117458,0,0,1,0,0,0
0.459286667,0,0,1,1,1,1
0.459315708,0,0,1,0,0,0
0.459484958,0,0,1,1,1,1
0.459514000,0,0,1,0,0,0
0.459683208,0,0,1,0,1,1
0.459683250,0,0,1,1,1,1
0.459712250,0,0,1,0,0,0
0.459881500,0,0,1,1,1,1
0.459910542,0,0,1,0,0,0
0.460079792,0,0,1,1,1,1
0.460108833,0,0,1,0,0,0
0.460278083,0,0,1,1,1,1
0.460307125,0,0,1,0,0,0
0.460476375,0,0,1,1,1,1
0.460505417,0,0,1,0,0,0
0.460674667,0,0,1,1,1,1
0.460703708,0,0,1,0,0,0
0.460872958,0,0,1,1,1,1
0.460902000,0,0,1,0,0,0
0.461071208,0,0,1,1,1,1
0.461100250,0,0,1,0,0,0
0.461269458,0,0,1,1,1,1
0.461298500,0,0,1,0,0,0
0.461467708,0,0,1,1,1,1
0.461496750,0,0,1,0,0,0
0.461665958,0,0,1,1,1,1
0.461695000,0,0,1,0,0,0
0.461864208,0,0,1,1,1,1
0.461893250,0,0,1,0,0,0
0.462062458,0,0,1,1,1,1
0.462091500,0,0,1,0,0,0
0.462260708,0,0,1,1,1,1
0.462289708,0,0,1,1,0,1
0.462289750,0,0,1,0,0,0
0.462458917,0,0,1,1,1,1
0.462487958,0,0,1,0,0,0
0.462657167,0,0,1,0,1,1
0.462657208,0,0,1,1,1,1
0.462686208,0,0,1,1,0,0
0.462686250,0,0,1,0,0,0
0.462855458,0,0,1,1,1,1
0.462884500,0,0,1,0,0,0
0.463053708,0,0,1,1,1,1
0.463082750,0,0,1,0,0,0
0.463252000,0,0,1,1,1,1
0.463281042,0,0,1,0,0,0
0.463450292,0,0,1,1,1,1
0.463479333,0,0,1,0,0,0
0.463648583,0,0,1,1,1,1
0.463677625,0,0,1,0,0,0
0.463846875,0,0,1,1,1,1
0.463875917,0,0,1,0,0,0
0.464045125,0,0,1,1,1,1
0.464074125,0,0,1,0,0,0
0.464243333,0,0,1,1,1,1
0.464272375,0,0,1,0,0,0
0.464441583,0,0,1,1,1,1
0.464470625,0,0,1,0,0,0
0.464639792,0,0,1,1,1,1
0.464668833,0,0,1,0,0,0
0.464838000,0,0,1,1,1,1
0.464867042,0,0,1,0,0,0
0.465036250,0,0,1,1,1,1
0.465065250,0,0,1,0,0,0
0.465234458,0,0,1,1,1,1
0.465263500,0,0,1,0,0,0
0.465432667,0,0,1,0,1,1
0.465432708,0,0,1,1,1,1
0.465461708,0,0,1,0,0,0
0.465630917,0,0,1,1,1,1
0.465659958,0,0,1,0,0,0
0.465829250,0,0,1,1,1,1
0.465858292,0,0,1,0,0,0
0.466027542,0,0,1,1,1,1
0.466056583,0,0,1,0,0,0
0.466225792,0,0,1,1,1,1
0.466254833,0,0,1,0,0,0
0.466424042,0,0,1,1,1,1
0.466453083,0,0,1,0,0,0
0.466622292,0,0,1,1,1,1
0.466651292,0,0,1,0,0,0
0.466820500,0,0,1,1,1,1
0.466849542,0,0,1,0,0,0
0.467018750,0,0,1,1,1,1
0.467047792,0,0,1,0,0,0
0.467216958,0,0,1,1,1,1
0.467246000,0,0,1,0,0,0
0.467415208,0,0,1,1,1,1
0.467444250,0,0,1,0,0,0
0.467613458,0,0,1,1,1,1
0.467642500,0,0,1,0,0,0
0.467811708,0,0,1,1,1,1
0.467840750,0,0,1,0,0,0
0.468010000,0,0,1,1,1,1
0.468039042,0,0,1,0,0,0
0.468208208,0,0,1,1,1,1
0.468237292,0,0,1,0,0,0
0.468406500,0,0,1,1,1,1
0.468435542,0,0,1,0,0,0
0.468604750,0,0,1,1,1,1
0.468633792,0,0,1,0,0,0
0.468803000,0,0,1,1,1,1
0.468832042,0,0,1,0,0,0
0.469001292,0,0,1,1,1,1
0.469030375,0,0,1,0,0,0
0.469199583,0,0,1,1,1,1
0.469228625,0,0,1,0,0,0
0.469397875,0,0,1,1,1,1
0.469426917,0,0,1,0,0,0
0.469596167,0,0,1,1,1,1
0.469625208,0,0,1,0,0,0
0.469794458,0,0,1,1,1,1
0.469823500,0,0,1,0,0,0
0.469992708,0,0,1,1,1,1
0.470021750,0,0,1,0,0,0
0.470190958,0,0,1,1,1,1
0.470220000,0,0,1,0,0,0
0.470389208,0,0,1,1,1,1
0.470418250,0,0,1,0,0,0
0.470587542,0,0,1,1,1,1
0.470616583,0,0,1,0,0,0
0.470785833,0,0,1,1,1,1
0.470814875,0,0,1,0,0,0
0.470984125,0,0,1,1,1,1
0.471013167,0,0,1,0,0,0
0.471182417,0,0,1,1,1,1
0.471211458,0,0,1,0,0,0
0.471380708,0,0,1,1,1,1
0.471409750,0,0,1,0,0,0
0.471579000,0,0,1,1,1,1
0.471608042,0,0,1,0,0,0
0.471777292,0,0,1,1,1,1
0.471806333,0,0,1,0,0,0
0.471975542,0,0,1,1,1,1
0.472004583,0,0,1,0,0,0
0.472173792,0,0,1,1,1,1
0.472202833,0,0,1,0,0,0
0.472372083,0,0,1,1,1,1
0.472401125,0,0,1,0,0,0
0.472570375,0,0,1,1,1,1
0.472599417,0,0,1,0,0,0
0.472768667,0,0,1,1,1,1
0.472797708,0,0,1,1,0,0
0.472797750,0,0,1,0,0,0
0.472967000,0,0,1,1,1,1
0.472996042,0,0,1,0,0,0
0.473165333,0,0,1,1,1,1
0.473194375,0,0,1,0,0,0
0.473363708,0,0,1,1,1,1
0.473392750,0,0,1,0,0,0
0.473562042,0,0,1,1,1,1
0.473591083,0,0,1,0,0,0
0.473760417,0,0,1,1,1,1
0.473789458,0,0,1,0,0,0
0.473958750,0,0,1,1,1,1
0.473987792,0,0,1,0,0,0
0.474157083,0,0,1,1,1,1
0.474186125,0,0,1,0,0,0
0.474355417,0,0,1,1,1,1
0.474384458,0,0,1,1,0,0
0.474384500,0,0,1,0,0,0
0.474553750,0,0,1,1,1,1
0.474582792,0,0,1,0,0,0
0.474752125,0,0,1,1,1,1
0.474781167,0,0,1,0,0,0
0.474950458,0,0,1,1,1,1
0.474979500,0,0,1,0,0,0
0.475148792,0,0,1,1,1,1
0.475177833,0,0,1,0,0,0
0.475347125,0,0,1,1,1,1
0.475376208,0,0,1,0,0,0
0.475545458,0,0,1,1,1,1
0.475574500,0,0,1,0,0,0
0.475743833,0,0,1,1,1,1
0.475772875,0,0,1,0,0,0
0.475942167,0,0,1,1,1,1
0.475971208,0,0,1,0,0,0
0.476140500,0,0,1,1,1,1
0.476169542,0,0,1,0,0,0
0.476338833,0,0,1,1,1,1
0.476367875,0,0,1,0,0,0
0.476537167,0,0,1,1,1,1
0.476566208,0,0,1,0,0,0
0.476735500,0,0,1,1,1,1
0.476764542,0,0,1,0,0,0
0.476933833,0,0,1,1,1,1
0.476962875,0,0,1,0,0,0
0.477132167,0,0,1,1,1,1
0.477161208,0,0,1,0,0,0
0.477330458,0,0,1,1,1,1
0.477359542,0,0,1,0,0,0
0.477528833,0,0,1,1,1,1
0.477557917,0,0,1,0,0,0
0.477727208,0,0,1,1,1,1
0.477756250,0,0,1,0,0,0
0.477925583,0,0,1,1,1,1
0.477954625,0,0,1,0,0,0
0.478123917,0,0,1,1,1,1
0.478152958,0,0,1,0,0,0
0.478322208,0,0,1,1,1,1
0.478351292,0,0,1,0,0,0
0.478520542,0,0,1,1,1,1
0.478549583,0,0,1,0,0,0
0.478718833,0,0,1,1,1,1
0.478747875,0,0,1,0,0,0
0.478917125,0,0,1,1,1,1
0.478946167,0,0,1,0,0,0
0.479115417,0,0,1,1,1,1
0.479144500,0,0,1,0,0,0
0.479313750,0,0,1,1,1,1
0.479342792,0,0,1,0,0,0
0.479512042,0,0,1,1,1,1
0.479541083,0,0,1,0,0,0
0.479710333,0,0,1,1,1,1
0.479739375,0,0,1,0,0,0
0.479908583,0,0,1,1,1,1
0.479937625,0,0,1,0,0,0
0.480106833,0,0,1,1,1,1
0.480135875,0,0,1,0,0,0
0.480305125,0,0,1,1,1,1
0.480334125,0,0,1,1,0,1
0.480334167,0,0,1,0,0,0
0.480503375,0,0,1,1,1,1
0.480532417,0,0,1,0,0,0
0.480701667,0,0,1,1,1,1
0.480730708,0,0,1,0,0,0
0.480899958,0,0,1,1,1,1
0.480929000,0,0,1,0,0,0
0.481098250,0,0,1,1,1,1
0.481127292,0,0,1,0,0,0
0.481296500,0,0,1,1,1,1
0.481325542,0,0,1,0,0,0
0.481494792,0,0,1,1,1,1
0.481523875,0,0,1,0,0,0
0.481693125,0,0,1,1,1,1
0.481722167,0,0,1,0,0,0
0.481891417,0,0,1,1,1,1
0.481920458,0,0,1,0,0,0
0.482089708,0,0,1,1,1,1
0.482118750,0,0,1,0,0,0
0.482288000,0,0,1,1,1,1
0.482317042,0,0,1,0,0,0
0.482486333,0,0,1,1,1,1
0.482515417,0,0,1,0,0,0
0.482684708,0,0,1,1,1,1
0.482713750,0,0,1,0,0,0
0.482883042,0,0,1,1,1,1
0.482912083,0,0,1,0,0,0
0.483081375,0,0,1,1,1,1
0.483110417,0,0,1,0,0,0
0.483279667,0,0,1,1,1,1
0.483308750,0,0,1,0,0,0
0.483478000,0,0,1,1,1,1
0.483507042,0,0,1,0,0,0
0.483676292,0,0,1,1,1,1
0.483705333,0,0,1,0,0,0
0.483874583,0,0,1,1,1,1
0.483903625,0,0,1,0,0,0
0.484072875,0,0,1,1,1,1
0.484101917,0,0,1,0,0,0
0.484271125,0,0,1,1,1,1
0.484300167,0,0,1,0,0,0
0.484469417,0,0,1,1,1,1
0.484498458,0,0,1,0,0,0
0.484667667,0,0,1,1,1,1
0.484696708,0,0,1,0,0,0
0.484865958,0,0,1,1,1,1
0.484895000,0,0,1,0,0,0
0.485064208,0,0,1,1,1,1
0.485093250,0,0,1,0,0,0
0.485262458,0,0,1,1,1,1
0.485291500,0,0,1,0,0,0
0.485460750,0,0,1,1,1,1
0.485489792,0,0,1,0,0,0
0.485659042,0,0,1,1,1,1
0.485688083,0,0,1,0,0,0
0.485857333,0,0,1,1,1,1
0.485886375,0,0,1,0,0,0
0.486055583,0,0,1,1,1,1
0.486084667,0,0,1,0,0,0
0.486253917,0,0,1,1,1,1
0.486282958,0,0,1,0,0,0
0.486452208,0,0,1,1,1,1
0.486481250,0,0,1,0,0,0
0.486650500,0,0,1,1,1,1
0.486679542,0,0,1,0,0,0
0.486848833,0,0,1,1,1,1
0.486877875,0,0,1,0,0,0
0.487047167,0,0,1,1,1,1
0.487076208,0,0,1,0,0,0
0.487245542,0,0,1,1,1,1
0.487274583,0,0,1,0,0,0
0.487443875,0,0,1,1,1,1
0.487472958,0,0,1,0,0,0
0.487642208,0,0,1,1,1,1
0.487671250,0,0,1,0,0,0
0.487840500,0,0,1,1,1,1
0.487869583,0,0,1,0,0,0
0.488038833,0,0,1,1,1,1
0.488067875,0,0,1,0,0,0
0.488237167,0,0,1,1,1,1
0.488266208,0,0,1,0,0,0
0.488435500,0,0,1,1,1,1
0.488464542,0,0,1,0,0,0
0.488633833,0,0,1,1,1,1
0.488662917,0,0,1,0,0,0
0.488832167,0,0,1,1,1,1
0.488861208,0,0,1,0,0,0
0.489030458,0,0,1,1,1,1
0.489059500,0,0,1,0,0,0
0.489228750,0,0,1,1,1,1
0.489257792,0,0,1,0,0,0
0.489427042,0,0,1,1,1,1
0.489456083,0,0,1,0,0,0
0.489625292,0,0,1,1,1,1
0.489654375,0,0,1,0,0,0
0.489823583,0,0,1,1,1,1
0.489852625,0,0,1,0,0,0
0.490021875,0,0,1,1,1,1
0.490050917,0,0,1,0,0,0
0.490220125,0,0,1,1,1,1
0.490249167,0,0,1,0,0,0
0.490418417,0,0,1,1,1,1
0.490447458,0,0,1,0,0,0
0.490616667,0,0,1,1,1,1
0.490645667,0,0,1,0,0,0
0.490814875,0,0,1,1,1,1
0.490843917,0,0,1,0,0,0
0.491013167,0,0,1,1,1,1
0.491042208,0,0,1,0,0,0
0.491211500,0,0,1,1,1,1
0.491240542,0,0,1,0,0,0
0.491409833,0,0,1,1,1,1
0.491438917,0,0,1,0,0,0
0.491608208,0,0,1,1,1,1
0.491637250,0,0,1,0,0,0
0.491806500,0,0,1,1,1,1
0.491835542,0,0,1,0,0,0
0.492004833,0,0,1,1,1,1
0.492033875,0,0,1,0,0,0
0.492203167,0,0,1,1,1,1
0.492232208,0,0,1,0,0,0
0.492401500,0,0,1,1,1,1
0.492430542,0,0,1,0,0,0
0.492599833,0,0,1,1,1,1
0.492628917,0,0,1,0,0,0
0.492798208,0,0,1,1,1,1
0.492827250,0,0,1,0,0,0
0.492996542,0,0,1,1,1,1
0.493025583,0,0,1,0,0,0
0.493194833,0,0,1,1,1,1
0.493223917,0,0,1,0,0,0
0.493393167,0,0,1,1,1,1
0.493422250,0,0,1,0,0,0
0.493591542,0,0,1,1,1,1
0.493620625,0,0,1,0,0,0
0.493789917,0,0,1,1,1,1
0.493818958,0,0,1,0,0,0
0.493988292,0,0,1,1,1,1
0.494017333,0,0,1,0,0,0
0.494186583,0,0,1,1,1,1
0.494215625,0,0,1,0,0,0
0.494384875,0,0,1,1,1,1
0.494413917,0,0,1,0,0,0
0.494583167,0,0,1,1,1,1
0.494612208,0,0,1,0,0,0
0.494781417,0,0,1,0,1,1
0.494781458,0,0,1,1,1,1
0.494810458,0,0,1,1,0,0
0.494810500,0,0,1,0,0,0
0.494979708,0,0,1,1,1,1
0.495008750,0,0,1,0,0,0
0.495178000,0,0,1,1,1,1
0.495207042,0,0,1,0,0,0
0.495376250,0,0,1,1,1,1
0.495405292,0,0,1,0,0,0
0.495574542,0,0,1,1,1,1
0.495603583,0,0,1,0,0,0
0.495772792,0,0,1,1,1,1
0.495801833,0,0,1,0,0,0
0.495971042,0,0,1,1,1,1
0.496000083,0,0,1,0,0,0
0.496169292,0,0,1,1,1,1
0.496198333,0,0,1,0,0,0
0.496367542,0,0,1,1,1,1
0.496396583,0,0,1,0,0,0
0.496565750,0,0,1,0,1,1
0.496565792,0,0,1,1,1,1
0.496594792,0,0,1,0,0,0
0.496764000,0,0,1,1,1,1
0.496793042,0,0,1,0,0,0
0.496962250,0,0,1,1,1,1
0.496991292,0,0,1,0,0,0
0.497160500,0,0,1,1,1,1
0.497189542,0,0,1,0,0,0
0.497358750,0,0,1,1,1,1
0.497387792,0,0,1,0,0,0
0.497557000,0,0,1,1,1,1
0.497586042,0,0,1,0,0,0
0.497755250,0,0,1,1,1,1
0.497784292,0,0,1,0,0,0
0.497953500,0,0,1,1,1,1
0.497982500,0,0,1,0,0,0
0.498151750,0,0,1,1,1,1
0.498180750,0,0,1,1,0,0
0.498180792,0,0,1,0,0,0
0.498350000,0,0,1,1,1,1
0.498379042,0,0,1,0,0,0
0.498548250,0,0,1,1,1,1
0.498577292,0,0,1,0,0,0
0.498746500,0,0,1,1,1,1
0.498775500,0,0,1,0,0,0
0.498944750,0,0,1,1,1,1
0.498973792,0,0,1,0,0,0
0.499143000,0,0,1,1,1,1
0.499172042,0,0,1,0,0,0
0.499341250,0,0,1,1,1,1
0.499370292,0,0,1,0,0,0
0.499539458,0,0,1,1,1,1
0.499568500,0,0,1,0,0,0
0.499737708,0,0,1,1,1,1
0.499766708,0,0,1,0,0,0
0.499935917,0,0,1,1,1,1
0.499964958,0,0,1,0,0,0
0.500134167,0,0,1,1,1,1
0.500163208,0,0,1,0,0,0
0.500332417,0,0,1,1,1,1
0.500361458,0,0,1,0,0,0
0.500530667,0,0,1,1,1,1
0.500559708,0,0,1,0,0,0
0.500729000,0,0,1,1,1,1
0.500758042,0,0,1,0,0,0
0.500927292,0,0,1,1,1,1
0.500956333,0,0,1,0,0,0
0.501125583,0,0,1,1,1,1
0.501154625,0,0,1,0,0,0
0.501323875,0,0,1,1,1,1
0.501352917,0,0,1,0,0,0
0.501522208,0,0,1,1,1,1
0.501551250,0,0,1,0,0,0
0.501720542,0,0,1,1,1,1
0.501749583,0,0,1,0,0,0
0.501918833,0,0,1,1,1,1
0.501947875,0,0,1,0,0,0
0.502117167,0,0,1,1,1,1
0.502146208,0,0,1,0,0,0
0.502315500,0,0,1,1,1,1
0.502344583,0,0,1,0,0,0
0.502513875,0,0,1,1,1,1
0.502542917,0,0,1,0,0,0
0.502712208,0,0,1,1,1,1
0.502741250,0,0,1,0,0,0
0.502910500,0,0,1,1,1,1
0.502939542,0,0,1,0,0,0
0.503108833,0,0,1,1,1,1
0.503137875,0,0,1,0,0,0
0.503307125,0,0,1,1,1,1
0.503336167,0,0,1,0,0,0
0.503505375,0,0,1,1,1,1
0.503534458,0,0,1,0,0,0
0.503703667,0,0,1,1,1,1
0.503732708,0,0,1,0,0,0
0.503901958,0,0,1,1,1,1
0.503931000,0,0,1,0,0,0
0.504100208,0,0,1,1,1,1
0.504129250,0,0,1,0,0,0
0.504298417,0,0,1,1,1,1
0.504327458,0,0,1,0,0,0
0.504496708,0,0,1,1,1,1
0.504525750,0,0,1,0,0,0
0.504694958,0,0,1,1,1,1
0.504724000,0,0,1,0,0,0
0.504893208,0,0,1,1,1,1
0.504922250,0,0,1,0,0,0
0.505091417,0,0,1,1,1,1
0.505120458,0,0,1,0,0,0
0.505289625,0,0,1,1,1,1
0.505318667,0,0,1,0,0,0
0.505487875,0,0,1,1,1,1
0.505516917,0,0,1,0,0,0
0.505686125,0,0,1,1,1,1
0.505715167,0,0,1,0,0,0
0.505884375,0,0,1,1,1,1
0.505913417,0,0,1,0,0,0
0.506082667,0,0,1,1,1,1
0.506111708,0,0,1,0,0,0
0.506280958,0,0,1,1,1,1
0.506310000,0,0,1,0,0,0
0.506479250,0,0,1,1,1,1
0.506508292,0,0,1,0,0,0
0.506677542,0,0,1,1,1,1
0.506706583,0,0,1,0,0,0
0.506875833,0,0,1,1,1,1
0.506904875,0,0,1,0,0,0
0.507074083,0,0,1,1,1,1
0.507103125,0,0,1,0,0,0
0.507272333,0,0,1,1,1,1
0.507301375,0,0,1,0,0,0
0.507470625,0,0,1,1,1,1
0.507499667,0,0,1,0,0,0
0.507668917,0,0,1,1,1,1
0.507697958,0,0,1,0,0,0
0.507867167,0,0,1,1,1,1
0.507896208,0,0,1,0,0,0
0.508065417,0,0,1,1,1,1
0.508094458,0,0,1,0,0,0
0.508263708,0,0,1,1,1,1
0.508292750,0,0,1,0,0,0
0.508462000,0,0,1,1,1,1
0.508491042,0,0,1,0,0,0
0.508660250,0,0,1,1,1,1
0.508689292,0,0,1,0,0,0
0.508858542,0,0,1,1,1,1
0.508887583,0,0,1,0,0,0
0.509056875,0,0,1,1,1,1
0.509085917,0,0,1,0,0,0
0.509255208,0,0,1,1,1,1
0.509284250,0,0,1,0,0,0
0.509453500,0,0,1,0,1,1
0.509453542,0,0,1,1,1,1
0.509482583,0,0,1,0,0,0
0.509651833,0,0,1,1,1,1
0.509680875,0,0,1,0,0,0
0.509850125,0,0,1,1,1,1
0.509879167,0,0,1,0,0,0
0.510048458,0,0,1,1,1,1
0.510077500,0,0,1,0,0,0
0.510246750,0,0,1,1,1,1
0.510275792,0,0,1,0,0,0
0.510445083,0,0,1,1,1,1
0.510474125,0,0,1,0,0,0
0.510643417,0,0,1,1,1,1
0.510672458,0,0,1,0,0,0
0.510841750,0,0,1,1,1,1
0.510870792,0,0,1,0,0,0
0.511040000,0,0,1,1,1,1
0.511069083,0,0,1,0,0,0
0.511238333,0,0,1,1,1,1
0.511267375,0,0,1,0,0,0
0.511436625,0,0,1,1,1,1
0.511465667,0,0,1,0,0,0
0.511634833,0,0,1,1,1,1
0.511663875,0,0,1,0,0,0
0.511833083,0,0,1,1,1,1
0.511862125,0,0,1,0,0,0
0.512000000,0,0,1,0,0,0
